0.18316,0.2351,0.21067,0.17977,0.18989,0.21327,0.23376,0.2442,0.24608,0.25328,0.25535,0.25535,0.25535,0.25535,0.25535,0.25535,0.25535,0.25535,0.25535,0.25535,0.25535,0.25535,0.25535,0.25535,0.25535,0.25535,0.25535,0.25535,0.25535,0.25535,0.25535,0.25535,0.25535,0.25535,0.25535,0.25535,0.25535,0.25535,0.25535,0.25535,0.25535,0.25535,0.25535,0.25535,0.25535,0.25535,0.25535,0.25535,0.25535,0.25535,0.25535
0.19654,0.23522,0.21861,0.18788,0.16214,0.14799,0.15102,0.16888,0.18727,0.18727,0.18727,0.18727,0.18727,0.18727,0.18727,0.18727,0.18727,0.18727,0.18727,0.18727,0.18727,0.18727,0.18727,0.18727,0.18727,0.18727,0.18727,0.18727,0.18727,0.18727,0.18727,0.18727,0.18727,0.18727,0.18727,0.18727,0.18727,0.18727,0.18727,0.18727,0.18727,0.18727,0.18727,0.18727,0.18727,0.18727,0.18727,0.18727,0.18727,0.18727,0.18727
0.20529,0.22147,0.19566,0.19196,0.21269,0.23288,0.2605,0.26605,0.27806,0.27806,0.27806,0.27806,0.27806,0.27806,0.27806,0.27806,0.27806,0.27806,0.27806,0.27806,0.27806,0.27806,0.27806,0.27806,0.27806,0.27806,0.27806,0.27806,0.27806,0.27806,0.27806,0.27806,0.27806,0.27806,0.27806,0.27806,0.27806,0.27806,0.27806,0.27806,0.27806,0.27806,0.27806,0.27806,0.27806,0.27806,0.27806,0.27806,0.27806,0.27806,0.27806
0.2,0.31083,0.32422,0.31284,0.32854,0.3511,0.35588,0.35588,0.35588,0.35588,0.35588,0.35588,0.35588,0.35588,0.35588,0.35588,0.35588,0.35588,0.35588,0.35588,0.35588,0.35588,0.35588,0.35588,0.35588,0.35588,0.35588,0.35588,0.35588,0.35588,0.35588,0.35588,0.35588,0.35588,0.35588,0.35588,0.35588,0.35588,0.35588,0.35588,0.35588,0.35588,0.35588,0.35588,0.35588,0.35588,0.35588,0.35588,0.35588,0.35588,0.35588
0.20293,0.20734,0.15384,0.10805,0.090582,0.089303,0.086911,0.08558,0.09725,0.099643,0.10904,0.11887,0.12541,0.12698,0.12815,0.13205,0.1351,0.1351,0.1351,0.1351,0.1351,0.1351,0.1351,0.1351,0.1351,0.1351,0.1351,0.1351,0.1351,0.1351,0.1351,0.1351,0.1351,0.1351,0.1351,0.1351,0.1351,0.1351,0.1351,0.1351,0.1351,0.1351,0.1351,0.1351,0.1351,0.1351,0.1351,0.1351,0.1351,0.1351,0.1351
0.20293,0.26436,0.27593,0.27712,0.28666,0.30034,0.30345,0.30345,0.30345,0.30345,0.30345,0.30345,0.30345,0.30345,0.30345,0.30345,0.30345,0.30345,0.30345,0.30345,0.30345,0.30345,0.30345,0.30345,0.30345,0.30345,0.30345,0.30345,0.30345,0.30345,0.30345,0.30345,0.30345,0.30345,0.30345,0.30345,0.30345,0.30345,0.30345,0.30345,0.30345,0.30345,0.30345,0.30345,0.30345,0.30345,0.30345,0.30345,0.30345,0.30345,0.30345
0.2,0.19225,0.15739,0.15172,0.13704,0.1335,0.15112,0.1649,0.17583,0.17953,0.18151,0.18151,0.18151,0.18151,0.18151,0.18151,0.18151,0.18151,0.18151,0.18151,0.18151,0.18151,0.18151,0.18151,0.18151,0.18151,0.18151,0.18151,0.18151,0.18151,0.18151,0.18151,0.18151,0.18151,0.18151,0.18151,0.18151,0.18151,0.18151,0.18151,0.18151,0.18151,0.18151,0.18151,0.18151,0.18151,0.18151,0.18151,0.18151,0.18151,0.18151
0.2,0.29347,0.29345,0.2939,0.30589,0.30968,0.32095,0.33281,0.33281,0.33281,0.33281,0.33281,0.33281,0.33281,0.33281,0.33281,0.33281,0.33281,0.33281,0.33281,0.33281,0.33281,0.33281,0.33281,0.33281,0.33281,0.33281,0.33281,0.33281,0.33281,0.33281,0.33281,0.33281,0.33281,0.33281,0.33281,0.33281,0.33281,0.33281,0.33281,0.33281,0.33281,0.33281,0.33281,0.33281,0.33281,0.33281,0.33281,0.33281,0.33281,0.33281
0.17778,0.19131,0.16645,0.16491,0.16432,0.16936,0.18335,0.1905,0.19561,0.19746,0.19366,0.19235,0.18873,0.19383,0.19083,0.19447,0.19636,0.1966,0.19674,0.19674,0.19674,0.19674,0.19674,0.19674,0.19674,0.19674,0.19674,0.19674,0.19674,0.19674,0.19674,0.19674,0.19674,0.19674,0.19674,0.19674,0.19674,0.19674,0.19674,0.19674,0.19674,0.19674,0.19674,0.19674,0.19674,0.19674,0.19674,0.19674,0.19674,0.19674,0.19674
0.20706,0.23537,0.21156,0.19787,0.21638,0.23458,0.2509,0.25313,0.25313,0.25313,0.25313,0.25313,0.25313,0.25313,0.25313,0.25313,0.25313,0.25313,0.25313,0.25313,0.25313,0.25313,0.25313,0.25313,0.25313,0.25313,0.25313,0.25313,0.25313,0.25313,0.25313,0.25313,0.25313,0.25313,0.25313,0.25313,0.25313,0.25313,0.25313,0.25313,0.25313,0.25313,0.25313,0.25313,0.25313,0.25313,0.25313,0.25313,0.25313,0.25313,0.25313
0.18316,0.19584,0.16353,0.13926,0.14757,0.13479,0.13633,0.15272,0.15589,0.157,0.157,0.157,0.157,0.157,0.157,0.157,0.157,0.157,0.157,0.157,0.157,0.157,0.157,0.157,0.157,0.157,0.157,0.157,0.157,0.157,0.157,0.157,0.157,0.157,0.157,0.157,0.157,0.157,0.157,0.157,0.157,0.157,0.157,0.157,0.157,0.157,0.157,0.157,0.157,0.157,0.157
0.2087,0.24272,0.23098,0.20312,0.19629,0.1947,0.19167,0.20078,0.20357,0.20357,0.20357,0.20357,0.20357,0.20357,0.20357,0.20357,0.20357,0.20357,0.20357,0.20357,0.20357,0.20357,0.20357,0.20357,0.20357,0.20357,0.20357,0.20357,0.20357,0.20357,0.20357,0.20357,0.20357,0.20357,0.20357,0.20357,0.20357,0.20357,0.20357,0.20357,0.20357,0.20357,0.20357,0.20357,0.20357,0.20357,0.20357,0.20357,0.20357,0.20357,0.20357
0.20757,0.16386,0.13423,0.12884,0.12658,0.13268,0.15579,0.17043,0.17101,0.16627,0.16701,0.16707,0.16707,0.16707,0.16707,0.16707,0.16707,0.16707,0.16707,0.16707,0.16707,0.16707,0.16707,0.16707,0.16707,0.16707,0.16707,0.16707,0.16707,0.16707,0.16707,0.16707,0.16707,0.16707,0.16707,0.16707,0.16707,0.16707,0.16707,0.16707,0.16707,0.16707,0.16707,0.16707,0.16707,0.16707,0.16707,0.16707,0.16707,0.16707,0.16707
0.20529,0.27213,0.26912,0.24419,0.24159,0.24395,0.2432,0.24944,0.23332,0.22303,0.22675,0.23326,0.24136,0.24223,0.24223,0.24223,0.24223,0.24223,0.24223,0.24223,0.24223,0.24223,0.24223,0.24223,0.24223,0.24223,0.24223,0.24223,0.24223,0.24223,0.24223,0.24223,0.24223,0.24223,0.24223,0.24223,0.24223,0.24223,0.24223,0.24223,0.24223,0.24223,0.24223,0.24223,0.24223,0.24223,0.24223,0.24223,0.24223,0.24223,0.24223
0.14483,0.16494,0.13945,0.11028,0.098923,0.095516,0.10265,0.11689,0.12127,0.12933,0.13719,0.14254,0.15173,0.15509,0.15509,0.15509,0.15509,0.15509,0.15509,0.15509,0.15509,0.15509,0.15509,0.15509,0.15509,0.15509,0.15509,0.15509,0.15509,0.15509,0.15509,0.15509,0.15509,0.15509,0.15509,0.15509,0.15509,0.15509,0.15509,0.15509,0.15509,0.15509,0.15509,0.15509,0.15509,0.15509,0.15509,0.15509,0.15509,0.15509,0.15509
0.18316,0.23255,0.19936,0.16324,0.16283,0.17236,0.18917,0.20169,0.20457,0.20505,0.20505,0.20505,0.20505,0.20505,0.20505,0.20505,0.20505,0.20505,0.20505,0.20505,0.20505,0.20505,0.20505,0.20505,0.20505,0.20505,0.20505,0.20505,0.20505,0.20505,0.20505,0.20505,0.20505,0.20505,0.20505,0.20505,0.20505,0.20505,0.20505,0.20505,0.20505,0.20505,0.20505,0.20505,0.20505,0.20505,0.20505,0.20505,0.20505,0.20505,0.20505
0.20821,0.21589,0.16032,0.13352,0.13673,0.14234,0.15539,0.16127,0.16998,0.17483,0.17501,0.17501,0.17501,0.17501,0.17501,0.17501,0.17501,0.17501,0.17501,0.17501,0.17501,0.17501,0.17501,0.17501,0.17501,0.17501,0.17501,0.17501,0.17501,0.17501,0.17501,0.17501,0.17501,0.17501,0.17501,0.17501,0.17501,0.17501,0.17501,0.17501,0.17501,0.17501,0.17501,0.17501,0.17501,0.17501,0.17501,0.17501,0.17501,0.17501,0.17501
0.20821,0.20287,0.19987,0.18371,0.19298,0.19458,0.20714,0.2168,0.23028,0.23298,0.23298,0.23298,0.23298,0.23298,0.23298,0.23298,0.23298,0.23298,0.23298,0.23298,0.23298,0.23298,0.23298,0.23298,0.23298,0.23298,0.23298,0.23298,0.23298,0.23298,0.23298,0.23298,0.23298,0.23298,0.23298,0.23298,0.23298,0.23298,0.23298,0.23298,0.23298,0.23298,0.23298,0.23298,0.23298,0.23298,0.23298,0.23298,0.23298,0.23298,0.23298
0.20706,0.18734,0.16164,0.13817,0.15288,0.15174,0.16431,0.17691,0.18919,0.18919,0.18919,0.18919,0.18919,0.18919,0.18919,0.18919,0.18919,0.18919,0.18919,0.18919,0.18919,0.18919,0.18919,0.18919,0.18919,0.18919,0.18919,0.18919,0.18919,0.18919,0.18919,0.18919,0.18919,0.18919,0.18919,0.18919,0.18919,0.18919,0.18919,0.18919,0.18919,0.18919,0.18919,0.18919,0.18919,0.18919,0.18919,0.18919,0.18919,0.18919,0.18919
0.20529,0.25236,0.21175,0.19146,0.1792,0.17338,0.17328,0.17186,0.18612,0.18612,0.18612,0.18612,0.18612,0.18612,0.18612,0.18612,0.18612,0.18612,0.18612,0.18612,0.18612,0.18612,0.18612,0.18612,0.18612,0.18612,0.18612,0.18612,0.18612,0.18612,0.18612,0.18612,0.18612,0.18612,0.18612,0.18612,0.18612,0.18612,0.18612,0.18612,0.18612,0.18612,0.18612,0.18612,0.18612,0.18612,0.18612,0.18612,0.18612,0.18612,0.18612
0.19256,0.26213,0.26663,0.27986,0.25543,0.23007,0.22732,0.23588,0.24166,0.24242,0.23719,0.24375,0.25083,0.25293,0.25637,0.25637,0.25637,0.25637,0.25637,0.25637,0.25637,0.25637,0.25637,0.25637,0.25637,0.25637,0.25637,0.25637,0.25637,0.25637,0.25637,0.25637,0.25637,0.25637,0.25637,0.25637,0.25637,0.25637,0.25637,0.25637,0.25637,0.25637,0.25637,0.25637,0.25637,0.25637,0.25637,0.25637,0.25637,0.25637,0.25637
0.20706,0.20382,0.21435,0.21275,0.212,0.2235,0.23656,0.24002,0.2435,0.2435,0.2435,0.2435,0.2435,0.2435,0.2435,0.2435,0.2435,0.2435,0.2435,0.2435,0.2435,0.2435,0.2435,0.2435,0.2435,0.2435,0.2435,0.2435,0.2435,0.2435,0.2435,0.2435,0.2435,0.2435,0.2435,0.2435,0.2435,0.2435,0.2435,0.2435,0.2435,0.2435,0.2435,0.2435,0.2435,0.2435,0.2435,0.2435,0.2435,0.2435,0.2435
0.19256,0.30751,0.32919,0.33145,0.31946,0.31395,0.31181,0.32343,0.32343,0.32343,0.32343,0.32343,0.32343,0.32343,0.32343,0.32343,0.32343,0.32343,0.32343,0.32343,0.32343,0.32343,0.32343,0.32343,0.32343,0.32343,0.32343,0.32343,0.32343,0.32343,0.32343,0.32343,0.32343,0.32343,0.32343,0.32343,0.32343,0.32343,0.32343,0.32343,0.32343,0.32343,0.32343,0.32343,0.32343,0.32343,0.32343,0.32343,0.32343,0.32343,0.32343
0.20293,0.29404,0.31503,0.30588,0.31103,0.31563,0.31584,0.31864,0.31864,0.31864,0.31864,0.31864,0.31864,0.31864,0.31864,0.31864,0.31864,0.31864,0.31864,0.31864,0.31864,0.31864,0.31864,0.31864,0.31864,0.31864,0.31864,0.31864,0.31864,0.31864,0.31864,0.31864,0.31864,0.31864,0.31864,0.31864,0.31864,0.31864,0.31864,0.31864,0.31864,0.31864,0.31864,0.31864,0.31864,0.31864,0.31864,0.31864,0.31864,0.31864,0.31864
0.19654,0.2391,0.22533,0.23362,0.23112,0.23113,0.24519,0.26179,0.27006,0.27006,0.27006,0.27006,0.27006,0.27006,0.27006,0.27006,0.27006,0.27006,0.27006,0.27006,0.27006,0.27006,0.27006,0.27006,0.27006,0.27006,0.27006,0.27006,0.27006,0.27006,0.27006,0.27006,0.27006,0.27006,0.27006,0.27006,0.27006,0.27006,0.27006,0.27006,0.27006,0.27006,0.27006,0.27006,0.27006,0.27006,0.27006,0.27006,0.27006,0.27006,0.27006
0.2,0.22235,0.17551,0.14197,0.15879,0.16386,0.17404,0.19055,0.19073,0.19276,0.19276,0.19276,0.19276,0.19276,0.19276,0.19276,0.19276,0.19276,0.19276,0.19276,0.19276,0.19276,0.19276,0.19276,0.19276,0.19276,0.19276,0.19276,0.19276,0.19276,0.19276,0.19276,0.19276,0.19276,0.19276,0.19276,0.19276,0.19276,0.19276,0.19276,0.19276,0.19276,0.19276,0.19276,0.19276,0.19276,0.19276,0.19276,0.19276,0.19276,0.19276
0.20293,0.14882,0.12559,0.10916,0.092389,0.077789,0.069108,0.067642,0.068513,0.069986,0.074997,0.08728,0.097136,0.098589,0.098589,0.098589,0.098589,0.098589,0.098589,0.098589,0.098589,0.098589,0.098589,0.098589,0.098589,0.098589,0.098589,0.098589,0.098589,0.098589,0.098589,0.098589,0.098589,0.098589,0.098589,0.098589,0.098589,0.098589,0.098589,0.098589,0.098589,0.098589,0.098589,0.098589,0.098589,0.098589,0.098589,0.098589,0.098589,0.098589,0.098589
0.19654,0.26539,0.25937,0.27476,0.28675,0.2925,0.30255,0.32001,0.33466,0.33859,0.345,0.345,0.345,0.345,0.345,0.345,0.345,0.345,0.345,0.345,0.345,0.345,0.345,0.345,0.345,0.345,0.345,0.345,0.345,0.345,0.345,0.345,0.345,0.345,0.345,0.345,0.345,0.345,0.345,0.345,0.345,0.345,0.345,0.345,0.345,0.345,0.345,0.345,0.345,0.345,0.345
0.20293,0.25048,0.23749,0.24225,0.24342,0.24811,0.27169,0.27704,0.27721,0.27721,0.27721,0.27721,0.27721,0.27721,0.27721,0.27721,0.27721,0.27721,0.27721,0.27721,0.27721,0.27721,0.27721,0.27721,0.27721,0.27721,0.27721,0.27721,0.27721,0.27721,0.27721,0.27721,0.27721,0.27721,0.27721,0.27721,0.27721,0.27721,0.27721,0.27721,0.27721,0.27721,0.27721,0.27721,0.27721,0.27721,0.27721,0.27721,0.27721,0.27721,0.27721
0.17778,0.17215,0.1366,0.12342,0.12203,0.12907,0.15219,0.17256,0.17842,0.18336,0.18336,0.18336,0.18336,0.18336,0.18336,0.18336,0.18336,0.18336,0.18336,0.18336,0.18336,0.18336,0.18336,0.18336,0.18336,0.18336,0.18336,0.18336,0.18336,0.18336,0.18336,0.18336,0.18336,0.18336,0.18336,0.18336,0.18336,0.18336,0.18336,0.18336,0.18336,0.18336,0.18336,0.18336,0.18336,0.18336,0.18336,0.18336,0.18336,0.18336,0.18336
0.17778,0.2834,0.30161,0.28236,0.2622,0.26643,0.25461,0.26236,0.27039,0.27314,0.27857,0.28196,0.28196,0.28196,0.28196,0.28196,0.28196,0.28196,0.28196,0.28196,0.28196,0.28196,0.28196,0.28196,0.28196,0.28196,0.28196,0.28196,0.28196,0.28196,0.28196,0.28196,0.28196,0.28196,0.28196,0.28196,0.28196,0.28196,0.28196,0.28196,0.28196,0.28196,0.28196,0.28196,0.28196,0.28196,0.28196,0.28196,0.28196,0.28196,0.28196
0.18809,0.23229,0.22916,0.1959,0.18196,0.18707,0.18719,0.19151,0.20321,0.21211,0.22043,0.22681,0.22921,0.22921,0.22921,0.22921,0.22921,0.22921,0.22921,0.22921,0.22921,0.22921,0.22921,0.22921,0.22921,0.22921,0.22921,0.22921,0.22921,0.22921,0.22921,0.22921,0.22921,0.22921,0.22921,0.22921,0.22921,0.22921,0.22921,0.22921,0.22921,0.22921,0.22921,0.22921,0.22921,0.22921,0.22921,0.22921,0.22921,0.22921,0.22921
0.2,0.24535,0.22873,0.19341,0.18591,0.19576,0.1956,0.20211,0.20211,0.20211,0.20211,0.20211,0.20211,0.20211,0.20211,0.20211,0.20211,0.20211,0.20211,0.20211,0.20211,0.20211,0.20211,0.20211,0.20211,0.20211,0.20211,0.20211,0.20211,0.20211,0.20211,0.20211,0.20211,0.20211,0.20211,0.20211,0.20211,0.20211,0.20211,0.20211,0.20211,0.20211,0.20211,0.20211,0.20211,0.20211,0.20211,0.20211,0.20211,0.20211,0.20211
0.20529,0.24069,0.20251,0.14848,0.1378,0.16095,0.17606,0.18587,0.19845,0.20095,0.20095,0.20095,0.20095,0.20095,0.20095,0.20095,0.20095,0.20095,0.20095,0.20095,0.20095,0.20095,0.20095,0.20095,0.20095,0.20095,0.20095,0.20095,0.20095,0.20095,0.20095,0.20095,0.20095,0.20095,0.20095,0.20095,0.20095,0.20095,0.20095,0.20095,0.20095,0.20095,0.20095,0.20095,0.20095,0.20095,0.20095,0.20095,0.20095,0.20095,0.20095
0.17197,0.19752,0.18417,0.20214,0.22168,0.24197,0.2566,0.25531,0.25774,0.25782,0.26253,0.26253,0.26253,0.26253,0.26253,0.26253,0.26253,0.26253,0.26253,0.26253,0.26253,0.26253,0.26253,0.26253,0.26253,0.26253,0.26253,0.26253,0.26253,0.26253,0.26253,0.26253,0.26253,0.26253,0.26253,0.26253,0.26253,0.26253,0.26253,0.26253,0.26253,0.26253,0.26253,0.26253,0.26253,0.26253,0.26253,0.26253,0.26253,0.26253,0.26253
0.2087,0.23749,0.23785,0.26395,0.25442,0.25143,0.24421,0.24524,0.24518,0.24526,0.2422,0.23586,0.24077,0.24077,0.24077,0.24077,0.24077,0.24077,0.24077,0.24077,0.24077,0.24077,0.24077,0.24077,0.24077,0.24077,0.24077,0.24077,0.24077,0.24077,0.24077,0.24077,0.24077,0.24077,0.24077,0.24077,0.24077,0.24077,0.24077,0.24077,0.24077,0.24077,0.24077,0.24077,0.24077,0.24077,0.24077,0.24077,0.24077,0.24077,0.24077
0.20293,0.18163,0.15426,0.1478,0.15567,0.1665,0.17118,0.1804,0.1873,0.1873,0.1873,0.1873,0.1873,0.1873,0.1873,0.1873,0.1873,0.1873,0.1873,0.1873,0.1873,0.1873,0.1873,0.1873,0.1873,0.1873,0.1873,0.1873,0.1873,0.1873,0.1873,0.1873,0.1873,0.1873,0.1873,0.1873,0.1873,0.1873,0.1873,0.1873,0.1873,0.1873,0.1873,0.1873,0.1873,0.1873,0.1873,0.1873,0.1873,0.1873,0.1873
0.18809,0.21398,0.16014,0.13627,0.13181,0.14512,0.16206,0.17703,0.18231,0.18231,0.18231,0.18231,0.18231,0.18231,0.18231,0.18231,0.18231,0.18231,0.18231,0.18231,0.18231,0.18231,0.18231,0.18231,0.18231,0.18231,0.18231,0.18231,0.18231,0.18231,0.18231,0.18231,0.18231,0.18231,0.18231,0.18231,0.18231,0.18231,0.18231,0.18231,0.18231,0.18231,0.18231,0.18231,0.18231,0.18231,0.18231,0.18231,0.18231,0.18231,0.18231
0.15915,0.21736,0.23365,0.21429,0.21153,0.21027,0.21734,0.22688,0.23544,0.23659,0.23872,0.23872,0.23872,0.23872,0.23872,0.23872,0.23872,0.23872,0.23872,0.23872,0.23872,0.23872,0.23872,0.23872,0.23872,0.23872,0.23872,0.23872,0.23872,0.23872,0.23872,0.23872,0.23872,0.23872,0.23872,0.23872,0.23872,0.23872,0.23872,0.23872,0.23872,0.23872,0.23872,0.23872,0.23872,0.23872,0.23872,0.23872,0.23872,0.23872,0.23872
0.18809,0.30438,0.30739,0.29869,0.29551,0.28618,0.2925,0.29441,0.28202,0.28305,0.28531,0.28531,0.28531,0.28531,0.28531,0.28531,0.28531,0.28531,0.28531,0.28531,0.28531,0.28531,0.28531,0.28531,0.28531,0.28531,0.28531,0.28531,0.28531,0.28531,0.28531,0.28531,0.28531,0.28531,0.28531,0.28531,0.28531,0.28531,0.28531,0.28531,0.28531,0.28531,0.28531,0.28531,0.28531,0.28531,0.28531,0.28531,0.28531,0.28531,0.28531
0.16576,0.18214,0.15217,0.12586,0.099838,0.082008,0.0929,0.10208,0.11335,0.12811,0.13229,0.1358,0.13668,0.13816,0.14038,0.14038,0.14038,0.14038,0.14038,0.14038,0.14038,0.14038,0.14038,0.14038,0.14038,0.14038,0.14038,0.14038,0.14038,0.14038,0.14038,0.14038,0.14038,0.14038,0.14038,0.14038,0.14038,0.14038,0.14038,0.14038,0.14038,0.14038,0.14038,0.14038,0.14038,0.14038,0.14038,0.14038,0.14038,0.14038,0.14038
0.18809,0.24898,0.20652,0.25145,0.26945,0.27616,0.29268,0.288,0.28118,0.28118,0.28118,0.28118,0.28118,0.28118,0.28118,0.28118,0.28118,0.28118,0.28118,0.28118,0.28118,0.28118,0.28118,0.28118,0.28118,0.28118,0.28118,0.28118,0.28118,0.28118,0.28118,0.28118,0.28118,0.28118,0.28118,0.28118,0.28118,0.28118,0.28118,0.28118,0.28118,0.28118,0.28118,0.28118,0.28118,0.28118,0.28118,0.28118,0.28118,0.28118,0.28118
0.19256,0.25683,0.24344,0.23051,0.23465,0.23567,0.2433,0.24271,0.24271,0.24271,0.24271,0.24271,0.24271,0.24271,0.24271,0.24271,0.24271,0.24271,0.24271,0.24271,0.24271,0.24271,0.24271,0.24271,0.24271,0.24271,0.24271,0.24271,0.24271,0.24271,0.24271,0.24271,0.24271,0.24271,0.24271,0.24271,0.24271,0.24271,0.24271,0.24271,0.24271,0.24271,0.24271,0.24271,0.24271,0.24271,0.24271,0.24271,0.24271,0.24271,0.24271
0.16576,0.20956,0.22532,0.24676,0.27576,0.28961,0.3,0.29959,0.29959,0.29959,0.29959,0.29959,0.29959,0.29959,0.29959,0.29959,0.29959,0.29959,0.29959,0.29959,0.29959,0.29959,0.29959,0.29959,0.29959,0.29959,0.29959,0.29959,0.29959,0.29959,0.29959,0.29959,0.29959,0.29959,0.29959,0.29959,0.29959,0.29959,0.29959,0.29959,0.29959,0.29959,0.29959,0.29959,0.29959,0.29959,0.29959,0.29959,0.29959,0.29959,0.29959
0.19256,0.24058,0.26206,0.2572,0.26618,0.27822,0.29078,0.29796,0.29477,0.29477,0.29477,0.29477,0.29477,0.29477,0.29477,0.29477,0.29477,0.29477,0.29477,0.29477,0.29477,0.29477,0.29477,0.29477,0.29477,0.29477,0.29477,0.29477,0.29477,0.29477,0.29477,0.29477,0.29477,0.29477,0.29477,0.29477,0.29477,0.29477,0.29477,0.29477,0.29477,0.29477,0.29477,0.29477,0.29477,0.29477,0.29477,0.29477,0.29477,0.29477,0.29477
0.2087,0.19153,0.16869,0.15204,0.16281,0.17192,0.172,0.18467,0.19481,0.19658,0.20098,0.20921,0.21172,0.21172,0.21172,0.21172,0.21172,0.21172,0.21172,0.21172,0.21172,0.21172,0.21172,0.21172,0.21172,0.21172,0.21172,0.21172,0.21172,0.21172,0.21172,0.21172,0.21172,0.21172,0.21172,0.21172,0.21172,0.21172,0.21172,0.21172,0.21172,0.21172,0.21172,0.21172,0.21172,0.21172,0.21172,0.21172,0.21172,0.21172,0.21172
0.20529,0.21374,0.20023,0.17404,0.18562,0.20255,0.22459,0.23522,0.23522,0.23522,0.23522,0.23522,0.23522,0.23522,0.23522,0.23522,0.23522,0.23522,0.23522,0.23522,0.23522,0.23522,0.23522,0.23522,0.23522,0.23522,0.23522,0.23522,0.23522,0.23522,0.23522,0.23522,0.23522,0.23522,0.23522,0.23522,0.23522,0.23522,0.23522,0.23522,0.23522,0.23522,0.23522,0.23522,0.23522,0.23522,0.23522,0.23522,0.23522,0.23522,0.23522
0.20529,0.24098,0.17355,0.14189,0.13658,0.13593,0.14189,0.15492,0.16719,0.17407,0.17537,0.17768,0.17881,0.17881,0.17881,0.17881,0.17881,0.17881,0.17881,0.17881,0.17881,0.17881,0.17881,0.17881,0.17881,0.17881,0.17881,0.17881,0.17881,0.17881,0.17881,0.17881,0.17881,0.17881,0.17881,0.17881,0.17881,0.17881,0.17881,0.17881,0.17881,0.17881,0.17881,0.17881,0.17881,0.17881,0.17881,0.17881,0.17881,0.17881,0.17881
0.20529,0.19357,0.14239,0.12351,0.10954,0.13402,0.1549,0.15991,0.16564,0.16417,0.1637,0.16482,0.16482,0.16482,0.16482,0.16482,0.16482,0.16482,0.16482,0.16482,0.16482,0.16482,0.16482,0.16482,0.16482,0.16482,0.16482,0.16482,0.16482,0.16482,0.16482,0.16482,0.16482,0.16482,0.16482,0.16482,0.16482,0.16482,0.16482,0.16482,0.16482,0.16482,0.16482,0.16482,0.16482,0.16482,0.16482,0.16482,0.16482,0.16482,0.16482
0.18316,0.31529,0.27392,0.25137,0.23343,0.20503,0.20289,0.20648,0.21652,0.22655,0.2285,0.23225,0.23225,0.23225,0.23225,0.23225,0.23225,0.23225,0.23225,0.23225,0.23225,0.23225,0.23225,0.23225,0.23225,0.23225,0.23225,0.23225,0.23225,0.23225,0.23225,0.23225,0.23225,0.23225,0.23225,0.23225,0.23225,0.23225,0.23225,0.23225,0.23225,0.23225,0.23225,0.23225,0.23225,0.23225,0.23225,0.23225,0.23225,0.23225,0.23225
0.17778,0.21287,0.1893,0.17684,0.16169,0.15958,0.16522,0.1775,0.18999,0.1937,0.19419,0.19419,0.19419,0.19419,0.19419,0.19419,0.19419,0.19419,0.19419,0.19419,0.19419,0.19419,0.19419,0.19419,0.19419,0.19419,0.19419,0.19419,0.19419,0.19419,0.19419,0.19419,0.19419,0.19419,0.19419,0.19419,0.19419,0.19419,0.19419,0.19419,0.19419,0.19419,0.19419,0.19419,0.19419,0.19419,0.19419,0.19419,0.19419,0.19419,0.19419
0.19256,0.26965,0.29776,0.33822,0.36853,0.38424,0.38424,0.38424,0.38424,0.38424,0.38424,0.38424,0.38424,0.38424,0.38424,0.38424,0.38424,0.38424,0.38424,0.38424,0.38424,0.38424,0.38424,0.38424,0.38424,0.38424,0.38424,0.38424,0.38424,0.38424,0.38424,0.38424,0.38424,0.38424,0.38424,0.38424,0.38424,0.38424,0.38424,0.38424,0.38424,0.38424,0.38424,0.38424,0.38424,0.38424,0.38424,0.38424,0.38424,0.38424,0.38424
0.2,0.29118,0.27104,0.27046,0.27978,0.28715,0.28635,0.28635,0.28635,0.28635,0.28635,0.28635,0.28635,0.28635,0.28635,0.28635,0.28635,0.28635,0.28635,0.28635,0.28635,0.28635,0.28635,0.28635,0.28635,0.28635,0.28635,0.28635,0.28635,0.28635,0.28635,0.28635,0.28635,0.28635,0.28635,0.28635,0.28635,0.28635,0.28635,0.28635,0.28635,0.28635,0.28635,0.28635,0.28635,0.28635,0.28635,0.28635,0.28635,0.28635,0.28635
0.17197,0.24736,0.23738,0.20772,0.21397,0.23337,0.22237,0.23498,0.23673,0.2398,0.24247,0.24748,0.25086,0.25086,0.25086,0.25086,0.25086,0.25086,0.25086,0.25086,0.25086,0.25086,0.25086,0.25086,0.25086,0.25086,0.25086,0.25086,0.25086,0.25086,0.25086,0.25086,0.25086,0.25086,0.25086,0.25086,0.25086,0.25086,0.25086,0.25086,0.25086,0.25086,0.25086,0.25086,0.25086,0.25086,0.25086,0.25086,0.25086,0.25086,0.25086
0.20706,0.31461,0.34477,0.35139,0.37368,0.38687,0.39161,0.39161,0.39161,0.39161,0.39161,0.39161,0.39161,0.39161,0.39161,0.39161,0.39161,0.39161,0.39161,0.39161,0.39161,0.39161,0.39161,0.39161,0.39161,0.39161,0.39161,0.39161,0.39161,0.39161,0.39161,0.39161,0.39161,0.39161,0.39161,0.39161,0.39161,0.39161,0.39161,0.39161,0.39161,0.39161,0.39161,0.39161,0.39161,0.39161,0.39161,0.39161,0.39161,0.39161,0.39161
0.18809,0.25325,0.2268,0.2058,0.20554,0.22591,0.24218,0.25177,0.25177,0.25177,0.25177,0.25177,0.25177,0.25177,0.25177,0.25177,0.25177,0.25177,0.25177,0.25177,0.25177,0.25177,0.25177,0.25177,0.25177,0.25177,0.25177,0.25177,0.25177,0.25177,0.25177,0.25177,0.25177,0.25177,0.25177,0.25177,0.25177,0.25177,0.25177,0.25177,0.25177,0.25177,0.25177,0.25177,0.25177,0.25177,0.25177,0.25177,0.25177,0.25177,0.25177
0.17197,0.22111,0.19142,0.18396,0.19989,0.2141,0.21815,0.22513,0.22513,0.22513,0.22513,0.22513,0.22513,0.22513,0.22513,0.22513,0.22513,0.22513,0.22513,0.22513,0.22513,0.22513,0.22513,0.22513,0.22513,0.22513,0.22513,0.22513,0.22513,0.22513,0.22513,0.22513,0.22513,0.22513,0.22513,0.22513,0.22513,0.22513,0.22513,0.22513,0.22513,0.22513,0.22513,0.22513,0.22513,0.22513,0.22513,0.22513,0.22513,0.22513,0.22513
0.20821,0.18924,0.16964,0.14893,0.13955,0.1553,0.18335,0.18833,0.18833,0.18833,0.18833,0.18833,0.18833,0.18833,0.18833,0.18833,0.18833,0.18833,0.18833,0.18833,0.18833,0.18833,0.18833,0.18833,0.18833,0.18833,0.18833,0.18833,0.18833,0.18833,0.18833,0.18833,0.18833,0.18833,0.18833,0.18833,0.18833,0.18833,0.18833,0.18833,0.18833,0.18833,0.18833,0.18833,0.18833,0.18833,0.18833,0.18833,0.18833,0.18833,0.18833
0.20821,0.2113,0.18661,0.17805,0.17653,0.17667,0.18434,0.18815,0.19481,0.19902,0.20082,0.20411,0.20411,0.20411,0.20411,0.20411,0.20411,0.20411,0.20411,0.20411,0.20411,0.20411,0.20411,0.20411,0.20411,0.20411,0.20411,0.20411,0.20411,0.20411,0.20411,0.20411,0.20411,0.20411,0.20411,0.20411,0.20411,0.20411,0.20411,0.20411,0.20411,0.20411,0.20411,0.20411,0.20411,0.20411,0.20411,0.20411,0.20411,0.20411,0.20411
0.20587,0.25186,0.18709,0.13853,0.13175,0.1416,0.14451,0.15211,0.16065,0.16555,0.16946,0.17496,0.17496,0.17496,0.17496,0.17496,0.17496,0.17496,0.17496,0.17496,0.17496,0.17496,0.17496,0.17496,0.17496,0.17496,0.17496,0.17496,0.17496,0.17496,0.17496,0.17496,0.17496,0.17496,0.17496,0.17496,0.17496,0.17496,0.17496,0.17496,0.17496,0.17496,0.17496,0.17496,0.17496,0.17496,0.17496,0.17496,0.17496,0.17496,0.17496
0.2,0.24622,0.18436,0.15835,0.13129,0.13326,0.14146,0.15832,0.16046,0.16328,0.16529,0.16529,0.16529,0.16529,0.16529,0.16529,0.16529,0.16529,0.16529,0.16529,0.16529,0.16529,0.16529,0.16529,0.16529,0.16529,0.16529,0.16529,0.16529,0.16529,0.16529,0.16529,0.16529,0.16529,0.16529,0.16529,0.16529,0.16529,0.16529,0.16529,0.16529,0.16529,0.16529,0.16529,0.16529,0.16529,0.16529,0.16529,0.16529,0.16529,0.16529
0.19654,0.24404,0.22229,0.19043,0.18741,0.19516,0.21114,0.22181,0.23034,0.23011,0.22651,0.22424,0.22557,0.22847,0.22847,0.22847,0.22847,0.22847,0.22847,0.22847,0.22847,0.22847,0.22847,0.22847,0.22847,0.22847,0.22847,0.22847,0.22847,0.22847,0.22847,0.22847,0.22847,0.22847,0.22847,0.22847,0.22847,0.22847,0.22847,0.22847,0.22847,0.22847,0.22847,0.22847,0.22847,0.22847,0.22847,0.22847,0.22847,0.22847,0.22847
0.2,0.26679,0.21253,0.17611,0.15923,0.1383,0.12209,0.12647,0.13622,0.13633,0.14198,0.14815,0.15219,0.15432,0.15432,0.15432,0.15432,0.15432,0.15432,0.15432,0.15432,0.15432,0.15432,0.15432,0.15432,0.15432,0.15432,0.15432,0.15432,0.15432,0.15432,0.15432,0.15432,0.15432,0.15432,0.15432,0.15432,0.15432,0.15432,0.15432,0.15432,0.15432,0.15432,0.15432,0.15432,0.15432,0.15432,0.15432,0.15432,0.15432,0.15432
0.18809,0.2672,0.25688,0.24956,0.23389,0.21636,0.20491,0.20761,0.21686,0.22035,0.22667,0.22881,0.22881,0.22881,0.22881,0.22881,0.22881,0.22881,0.22881,0.22881,0.22881,0.22881,0.22881,0.22881,0.22881,0.22881,0.22881,0.22881,0.22881,0.22881,0.22881,0.22881,0.22881,0.22881,0.22881,0.22881,0.22881,0.22881,0.22881,0.22881,0.22881,0.22881,0.22881,0.22881,0.22881,0.22881,0.22881,0.22881,0.22881,0.22881,0.22881
0.2,0.27494,0.25922,0.25775,0.26071,0.2802,0.28693,0.29206,0.29247,0.29859,0.29335,0.29242,0.29321,0.29321,0.29474,0.29474,0.29474,0.29474,0.29474,0.29474,0.29474,0.29474,0.29474,0.29474,0.29474,0.29474,0.29474,0.29474,0.29474,0.29474,0.29474,0.29474,0.29474,0.29474,0.29474,0.29474,0.29474,0.29474,0.29474,0.29474,0.29474,0.29474,0.29474,0.29474,0.29474,0.29474,0.29474,0.29474,0.29474,0.29474,0.29474
0.18809,0.18321,0.12161,0.10176,0.090984,0.096617,0.097612,0.11304,0.12788,0.13772,0.13772,0.13772,0.13772,0.13772,0.13772,0.13772,0.13772,0.13772,0.13772,0.13772,0.13772,0.13772,0.13772,0.13772,0.13772,0.13772,0.13772,0.13772,0.13772,0.13772,0.13772,0.13772,0.13772,0.13772,0.13772,0.13772,0.13772,0.13772,0.13772,0.13772,0.13772,0.13772,0.13772,0.13772,0.13772,0.13772,0.13772,0.13772,0.13772,0.13772,0.13772
0.2,0.18821,0.13522,0.13393,0.1353,0.15857,0.18069,0.20322,0.21655,0.21841,0.21841,0.21841,0.21841,0.21841,0.21841,0.21841,0.21841,0.21841,0.21841,0.21841,0.21841,0.21841,0.21841,0.21841,0.21841,0.21841,0.21841,0.21841,0.21841,0.21841,0.21841,0.21841,0.21841,0.21841,0.21841,0.21841,0.21841,0.21841,0.21841,0.21841,0.21841,0.21841,0.21841,0.21841,0.21841,0.21841,0.21841,0.21841,0.21841,0.21841,0.21841
0.2,0.24624,0.23482,0.21782,0.18916,0.18729,0.18084,0.17082,0.17481,0.18299,0.19042,0.19084,0.19392,0.197,0.197,0.197,0.197,0.197,0.197,0.197,0.197,0.197,0.197,0.197,0.197,0.197,0.197,0.197,0.197,0.197,0.197,0.197,0.197,0.197,0.197,0.197,0.197,0.197,0.197,0.197,0.197,0.197,0.197,0.197,0.197,0.197,0.197,0.197,0.197,0.197,0.197
0.18316,0.27814,0.25179,0.24171,0.24379,0.24983,0.23544,0.23616,0.24925,0.25526,0.25998,0.25892,0.25921,0.26416,0.26181,0.26498,0.26498,0.26498,0.26498,0.26498,0.26498,0.26498,0.26498,0.26498,0.26498,0.26498,0.26498,0.26498,0.26498,0.26498,0.26498,0.26498,0.26498,0.26498,0.26498,0.26498,0.26498,0.26498,0.26498,0.26498,0.26498,0.26498,0.26498,0.26498,0.26498,0.26498,0.26498,0.26498,0.26498,0.26498,0.26498
0.20821,0.28034,0.25562,0.25057,0.25415,0.27951,0.27951,0.27951,0.27951,0.27951,0.27951,0.27951,0.27951,0.27951,0.27951,0.27951,0.27951,0.27951,0.27951,0.27951,0.27951,0.27951,0.27951,0.27951,0.27951,0.27951,0.27951,0.27951,0.27951,0.27951,0.27951,0.27951,0.27951,0.27951,0.27951,0.27951,0.27951,0.27951,0.27951,0.27951,0.27951,0.27951,0.27951,0.27951,0.27951,0.27951,0.27951,0.27951,0.27951,0.27951,0.27951
0.19654,0.2337,0.23234,0.23613,0.25412,0.27867,0.29326,0.29983,0.29983,0.29983,0.29983,0.29983,0.29983,0.29983,0.29983,0.29983,0.29983,0.29983,0.29983,0.29983,0.29983,0.29983,0.29983,0.29983,0.29983,0.29983,0.29983,0.29983,0.29983,0.29983,0.29983,0.29983,0.29983,0.29983,0.29983,0.29983,0.29983,0.29983,0.29983,0.29983,0.29983,0.29983,0.29983,0.29983,0.29983,0.29983,0.29983,0.29983,0.29983,0.29983,0.29983
0.2,0.22898,0.19276,0.19243,0.19913,0.1959,0.19423,0.20455,0.20927,0.21764,0.21764,0.21764,0.21764,0.21764,0.21764,0.21764,0.21764,0.21764,0.21764,0.21764,0.21764,0.21764,0.21764,0.21764,0.21764,0.21764,0.21764,0.21764,0.21764,0.21764,0.21764,0.21764,0.21764,0.21764,0.21764,0.21764,0.21764,0.21764,0.21764,0.21764,0.21764,0.21764,0.21764,0.21764,0.21764,0.21764,0.21764,0.21764,0.21764,0.21764,0.21764
0.18809,0.19484,0.17045,0.12189,0.10536,0.091687,0.085556,0.090732,0.097093,0.095276,0.10136,0.10689,0.11176,0.11892,0.12534,0.12806,0.12806,0.12806,0.12806,0.12806,0.12806,0.12806,0.12806,0.12806,0.12806,0.12806,0.12806,0.12806,0.12806,0.12806,0.12806,0.12806,0.12806,0.12806,0.12806,0.12806,0.12806,0.12806,0.12806,0.12806,0.12806,0.12806,0.12806,0.12806,0.12806,0.12806,0.12806,0.12806,0.12806,0.12806,0.12806
0.20529,0.26552,0.28343,0.31167,0.31957,0.33378,0.33711,0.34341,0.34389,0.34633,0.34633,0.34633,0.34633,0.34633,0.34633,0.34633,0.34633,0.34633,0.34633,0.34633,0.34633,0.34633,0.34633,0.34633,0.34633,0.34633,0.34633,0.34633,0.34633,0.34633,0.34633,0.34633,0.34633,0.34633,0.34633,0.34633,0.34633,0.34633,0.34633,0.34633,0.34633,0.34633,0.34633,0.34633,0.34633,0.34633,0.34633,0.34633,0.34633,0.34633,0.34633
0.20706,0.27323,0.29469,0.2591,0.21576,0.20065,0.19071,0.19601,0.20493,0.212,0.212,0.212,0.212,0.212,0.212,0.212,0.212,0.212,0.212,0.212,0.212,0.212,0.212,0.212,0.212,0.212,0.212,0.212,0.212,0.212,0.212,0.212,0.212,0.212,0.212,0.212,0.212,0.212,0.212,0.212,0.212,0.212,0.212,0.212,0.212,0.212,0.212,0.212,0.212,0.212,0.212
0.20706,0.21635,0.18635,0.18679,0.19208,0.2026,0.20944,0.22277,0.23498,0.24182,0.24182,0.24182,0.24182,0.24182,0.24182,0.24182,0.24182,0.24182,0.24182,0.24182,0.24182,0.24182,0.24182,0.24182,0.24182,0.24182,0.24182,0.24182,0.24182,0.24182,0.24182,0.24182,0.24182,0.24182,0.24182,0.24182,0.24182,0.24182,0.24182,0.24182,0.24182,0.24182,0.24182,0.24182,0.24182,0.24182,0.24182,0.24182,0.24182,0.24182,0.24182
0.20529,0.24232,0.22519,0.23647,0.25656,0.27552,0.28175,0.28112,0.28221,0.28495,0.28495,0.28495,0.28495,0.28495,0.28495,0.28495,0.28495,0.28495,0.28495,0.28495,0.28495,0.28495,0.28495,0.28495,0.28495,0.28495,0.28495,0.28495,0.28495,0.28495,0.28495,0.28495,0.28495,0.28495,0.28495,0.28495,0.28495,0.28495,0.28495,0.28495,0.28495,0.28495,0.28495,0.28495,0.28495,0.28495,0.28495,0.28495,0.28495,0.28495,0.28495
0.20293,0.25077,0.2077,0.18194,0.19236,0.19833,0.21052,0.21864,0.22717,0.22875,0.22875,0.22875,0.22875,0.22875,0.22875,0.22875,0.22875,0.22875,0.22875,0.22875,0.22875,0.22875,0.22875,0.22875,0.22875,0.22875,0.22875,0.22875,0.22875,0.22875,0.22875,0.22875,0.22875,0.22875,0.22875,0.22875,0.22875,0.22875,0.22875,0.22875,0.22875,0.22875,0.22875,0.22875,0.22875,0.22875,0.22875,0.22875,0.22875,0.22875,0.22875
0.2,0.24538,0.23655,0.23084,0.2408,0.25422,0.2618,0.2717,0.27752,0.27697,0.27457,0.27146,0.27146,0.27146,0.27146,0.27146,0.27146,0.27146,0.27146,0.27146,0.27146,0.27146,0.27146,0.27146,0.27146,0.27146,0.27146,0.27146,0.27146,0.27146,0.27146,0.27146,0.27146,0.27146,0.27146,0.27146,0.27146,0.27146,0.27146,0.27146,0.27146,0.27146,0.27146,0.27146,0.27146,0.27146,0.27146,0.27146,0.27146,0.27146,0.27146
0.20293,0.22741,0.21638,0.16208,0.12757,0.12898,0.137,0.14017,0.13949,0.14086,0.1434,0.14905,0.14931,0.14931,0.14931,0.14931,0.14931,0.14931,0.14931,0.14931,0.14931,0.14931,0.14931,0.14931,0.14931,0.14931,0.14931,0.14931,0.14931,0.14931,0.14931,0.14931,0.14931,0.14931,0.14931,0.14931,0.14931,0.14931,0.14931,0.14931,0.14931,0.14931,0.14931,0.14931,0.14931,0.14931,0.14931,0.14931,0.14931,0.14931,0.14931
0.19256,0.25135,0.23072,0.20424,0.18887,0.17427,0.16638,0.17948,0.18652,0.18955,0.19845,0.20413,0.20413,0.20413,0.20413,0.20413,0.20413,0.20413,0.20413,0.20413,0.20413,0.20413,0.20413,0.20413,0.20413,0.20413,0.20413,0.20413,0.20413,0.20413,0.20413,0.20413,0.20413,0.20413,0.20413,0.20413,0.20413,0.20413,0.20413,0.20413,0.20413,0.20413,0.20413,0.20413,0.20413,0.20413,0.20413,0.20413,0.20413,0.20413,0.20413
0.19654,0.23311,0.20633,0.20624,0.21615,0.22863,0.24178,0.23751,0.2334,0.23419,0.23511,0.23619,0.23619,0.23619,0.23619,0.23619,0.23619,0.23619,0.23619,0.23619,0.23619,0.23619,0.23619,0.23619,0.23619,0.23619,0.23619,0.23619,0.23619,0.23619,0.23619,0.23619,0.23619,0.23619,0.23619,0.23619,0.23619,0.23619,0.23619,0.23619,0.23619,0.23619,0.23619,0.23619,0.23619,0.23619,0.23619,0.23619,0.23619,0.23619,0.23619
0.2,0.27664,0.25135,0.25164,0.25912,0.26685,0.27143,0.27411,0.27289,0.27289,0.27289,0.27289,0.27289,0.27289,0.27289,0.27289,0.27289,0.27289,0.27289,0.27289,0.27289,0.27289,0.27289,0.27289,0.27289,0.27289,0.27289,0.27289,0.27289,0.27289,0.27289,0.27289,0.27289,0.27289,0.27289,0.27289,0.27289,0.27289,0.27289,0.27289,0.27289,0.27289,0.27289,0.27289,0.27289,0.27289,0.27289,0.27289,0.27289,0.27289,0.27289
0.20293,0.27031,0.22376,0.17661,0.16034,0.15601,0.16504,0.18113,0.19074,0.18858,0.18858,0.18858,0.18858,0.18858,0.18858,0.18858,0.18858,0.18858,0.18858,0.18858,0.18858,0.18858,0.18858,0.18858,0.18858,0.18858,0.18858,0.18858,0.18858,0.18858,0.18858,0.18858,0.18858,0.18858,0.18858,0.18858,0.18858,0.18858,0.18858,0.18858,0.18858,0.18858,0.18858,0.18858,0.18858,0.18858,0.18858,0.18858,0.18858,0.18858,0.18858
0.19654,0.28226,0.28666,0.25343,0.26616,0.27552,0.28842,0.29038,0.29038,0.29038,0.29038,0.29038,0.29038,0.29038,0.29038,0.29038,0.29038,0.29038,0.29038,0.29038,0.29038,0.29038,0.29038,0.29038,0.29038,0.29038,0.29038,0.29038,0.29038,0.29038,0.29038,0.29038,0.29038,0.29038,0.29038,0.29038,0.29038,0.29038,0.29038,0.29038,0.29038,0.29038,0.29038,0.29038,0.29038,0.29038,0.29038,0.29038,0.29038,0.29038,0.29038
0.2,0.25301,0.23138,0.21574,0.21663,0.22981,0.23846,0.24129,0.23795,0.23615,0.23739,0.23739,0.23739,0.23739,0.23739,0.23739,0.23739,0.23739,0.23739,0.23739,0.23739,0.23739,0.23739,0.23739,0.23739,0.23739,0.23739,0.23739,0.23739,0.23739,0.23739,0.23739,0.23739,0.23739,0.23739,0.23739,0.23739,0.23739,0.23739,0.23739,0.23739,0.23739,0.23739,0.23739,0.23739,0.23739,0.23739,0.23739,0.23739,0.23739,0.23739
0.18809,0.23092,0.22661,0.21229,0.19431,0.18034,0.17656,0.17051,0.17333,0.17221,0.17221,0.17221,0.17221,0.17221,0.17221,0.17221,0.17221,0.17221,0.17221,0.17221,0.17221,0.17221,0.17221,0.17221,0.17221,0.17221,0.17221,0.17221,0.17221,0.17221,0.17221,0.17221,0.17221,0.17221,0.17221,0.17221,0.17221,0.17221,0.17221,0.17221,0.17221,0.17221,0.17221,0.17221,0.17221,0.17221,0.17221,0.17221,0.17221,0.17221,0.17221
0.2,0.2057,0.18156,0.13562,0.11761,0.10871,0.11087,0.11861,0.13035,0.147,0.15815,0.16291,0.16291,0.16291,0.16291,0.16291,0.16291,0.16291,0.16291,0.16291,0.16291,0.16291,0.16291,0.16291,0.16291,0.16291,0.16291,0.16291,0.16291,0.16291,0.16291,0.16291,0.16291,0.16291,0.16291,0.16291,0.16291,0.16291,0.16291,0.16291,0.16291,0.16291,0.16291,0.16291,0.16291,0.16291,0.16291,0.16291,0.16291,0.16291,0.16291
0.17778,0.18572,0.15222,0.1463,0.14327,0.15644,0.17541,0.18723,0.18562,0.18562,0.18562,0.18562,0.18562,0.18562,0.18562,0.18562,0.18562,0.18562,0.18562,0.18562,0.18562,0.18562,0.18562,0.18562,0.18562,0.18562,0.18562,0.18562,0.18562,0.18562,0.18562,0.18562,0.18562,0.18562,0.18562,0.18562,0.18562,0.18562,0.18562,0.18562,0.18562,0.18562,0.18562,0.18562,0.18562,0.18562,0.18562,0.18562,0.18562,0.18562,0.18562
0.19256,0.24009,0.20312,0.20076,0.21267,0.23232,0.24913,0.255,0.25899,0.25899,0.25899,0.25899,0.25899,0.25899,0.25899,0.25899,0.25899,0.25899,0.25899,0.25899,0.25899,0.25899,0.25899,0.25899,0.25899,0.25899,0.25899,0.25899,0.25899,0.25899,0.25899,0.25899,0.25899,0.25899,0.25899,0.25899,0.25899,0.25899,0.25899,0.25899,0.25899,0.25899,0.25899,0.25899,0.25899,0.25899,0.25899,0.25899,0.25899,0.25899,0.25899
0.17778,0.25135,0.23914,0.26133,0.29016,0.30691,0.30691,0.30691,0.30691,0.30691,0.30691,0.30691,0.30691,0.30691,0.30691,0.30691,0.30691,0.30691,0.30691,0.30691,0.30691,0.30691,0.30691,0.30691,0.30691,0.30691,0.30691,0.30691,0.30691,0.30691,0.30691,0.30691,0.30691,0.30691,0.30691,0.30691,0.30691,0.30691,0.30691,0.30691,0.30691,0.30691,0.30691,0.30691,0.30691,0.30691,0.30691,0.30691,0.30691,0.30691,0.30691
0.17778,0.24781,0.22997,0.24525,0.2638,0.28851,0.28753,0.28564,0.29252,0.29254,0.29757,0.29757,0.29757,0.29757,0.29757,0.29757,0.29757,0.29757,0.29757,0.29757,0.29757,0.29757,0.29757,0.29757,0.29757,0.29757,0.29757,0.29757,0.29757,0.29757,0.29757,0.29757,0.29757,0.29757,0.29757,0.29757,0.29757,0.29757,0.29757,0.29757,0.29757,0.29757,0.29757,0.29757,0.29757,0.29757,0.29757,0.29757,0.29757,0.29757,0.29757
0.2,0.19048,0.14084,0.15865,0.16024,0.16677,0.18358,0.196,0.2085,0.21714,0.22285,0.22285,0.22285,0.22285,0.22285,0.22285,0.22285,0.22285,0.22285,0.22285,0.22285,0.22285,0.22285,0.22285,0.22285,0.22285,0.22285,0.22285,0.22285,0.22285,0.22285,0.22285,0.22285,0.22285,0.22285,0.22285,0.22285,0.22285,0.22285,0.22285,0.22285,0.22285,0.22285,0.22285,0.22285,0.22285,0.22285,0.22285,0.22285,0.22285,0.22285
0.2087,0.21869,0.18705,0.17102,0.15881,0.16678,0.17429,0.18664,0.1991,0.19971,0.20307,0.20307,0.20307,0.20307,0.20307,0.20307,0.20307,0.20307,0.20307,0.20307,0.20307,0.20307,0.20307,0.20307,0.20307,0.20307,0.20307,0.20307,0.20307,0.20307,0.20307,0.20307,0.20307,0.20307,0.20307,0.20307,0.20307,0.20307,0.20307,0.20307,0.20307,0.20307,0.20307,0.20307,0.20307,0.20307,0.20307,0.20307,0.20307,0.20307,0.20307
0.17197,0.18455,0.15936,0.13016,0.10984,0.10985,0.12632,0.13756,0.15212,0.16124,0.16959,0.16959,0.16959,0.16959,0.16959,0.16959,0.16959,0.16959,0.16959,0.16959,0.16959,0.16959,0.16959,0.16959,0.16959,0.16959,0.16959,0.16959,0.16959,0.16959,0.16959,0.16959,0.16959,0.16959,0.16959,0.16959,0.16959,0.16959,0.16959,0.16959,0.16959,0.16959,0.16959,0.16959,0.16959,0.16959,0.16959,0.16959,0.16959,0.16959,0.16959
0.20529,0.20347,0.17491,0.16152,0.16181,0.17319,0.18063,0.19113,0.20126,0.20236,0.20236,0.20236,0.20236,0.20236,0.20236,0.20236,0.20236,0.20236,0.20236,0.20236,0.20236,0.20236,0.20236,0.20236,0.20236,0.20236,0.20236,0.20236,0.20236,0.20236,0.20236,0.20236,0.20236,0.20236,0.20236,0.20236,0.20236,0.20236,0.20236,0.20236,0.20236,0.20236,0.20236,0.20236,0.20236,0.20236,0.20236,0.20236,0.20236,0.20236,0.20236
0.18316,0.24024,0.24295,0.2402,0.24681,0.24697,0.25746,0.26103,0.26572,0.26572,0.26572,0.26572,0.26572,0.26572,0.26572,0.26572,0.26572,0.26572,0.26572,0.26572,0.26572,0.26572,0.26572,0.26572,0.26572,0.26572,0.26572,0.26572,0.26572,0.26572,0.26572,0.26572,0.26572,0.26572,0.26572,0.26572,0.26572,0.26572,0.26572,0.26572,0.26572,0.26572,0.26572,0.26572,0.26572,0.26572,0.26572,0.26572,0.26572,0.26572,0.26572
0.20336,0.33194,0.30218,0.29434,0.30035,0.29582,0.30961,0.32045,0.32243,0.32601,0.3326,0.34019,0.34019,0.34019,0.34019,0.34019,0.34019,0.34019,0.34019,0.34019,0.34019,0.34019,0.34019,0.34019,0.34019,0.34019,0.34019,0.34019,0.34019,0.34019,0.34019,0.34019,0.34019,0.34019,0.34019,0.34019,0.34019,0.34019,0.34019,0.34019,0.34019,0.34019,0.34019,0.34019,0.34019,0.34019,0.34019,0.34019,0.34019,0.34019,0.34019
0.19654,0.22776,0.22979,0.24183,0.25745,0.28094,0.29274,0.29274,0.29274,0.29274,0.29274,0.29274,0.29274,0.29274,0.29274,0.29274,0.29274,0.29274,0.29274,0.29274,0.29274,0.29274,0.29274,0.29274,0.29274,0.29274,0.29274,0.29274,0.29274,0.29274,0.29274,0.29274,0.29274,0.29274,0.29274,0.29274,0.29274,0.29274,0.29274,0.29274,0.29274,0.29274,0.29274,0.29274,0.29274,0.29274,0.29274,0.29274,0.29274,0.29274,0.29274
0.18316,0.24486,0.23555,0.21414,0.22509,0.25348,0.27202,0.27867,0.28312,0.28312,0.28312,0.28312,0.28312,0.28312,0.28312,0.28312,0.28312,0.28312,0.28312,0.28312,0.28312,0.28312,0.28312,0.28312,0.28312,0.28312,0.28312,0.28312,0.28312,0.28312,0.28312,0.28312,0.28312,0.28312,0.28312,0.28312,0.28312,0.28312,0.28312,0.28312,0.28312,0.28312,0.28312,0.28312,0.28312,0.28312,0.28312,0.28312,0.28312,0.28312,0.28312
