0.18316,0.2351,0.23661,0.2334,0.25119,0.26096,0.26096,0.26096,0.26096,0.26096,0.26096,0.26096,0.26096,0.26096,0.26096,0.26096,0.26096,0.26096,0.26096,0.26096,0.26096,0.26096,0.26096,0.26096,0.26096,0.26096,0.26096,0.26096,0.26096,0.26096,0.26096,0.26096,0.26096,0.26096,0.26096,0.26096,0.26096,0.26096,0.26096,0.26096,0.26096,0.26096,0.26096,0.26096,0.26096,0.26096,0.26096,0.26096,0.26096,0.26096,0.26096
0.2,0.25395,0.25146,0.25135,0.27187,0.27187,0.27187,0.27187,0.27187,0.27187,0.27187,0.27187,0.27187,0.27187,0.27187,0.27187,0.27187,0.27187,0.27187,0.27187,0.27187,0.27187,0.27187,0.27187,0.27187,0.27187,0.27187,0.27187,0.27187,0.27187,0.27187,0.27187,0.27187,0.27187,0.27187,0.27187,0.27187,0.27187,0.27187,0.27187,0.27187,0.27187,0.27187,0.27187,0.27187,0.27187,0.27187,0.27187,0.27187,0.27187,0.27187
0.20529,0.22147,0.2133,0.24586,0.25302,0.25302,0.25302,0.25302,0.25302,0.25302,0.25302,0.25302,0.25302,0.25302,0.25302,0.25302,0.25302,0.25302,0.25302,0.25302,0.25302,0.25302,0.25302,0.25302,0.25302,0.25302,0.25302,0.25302,0.25302,0.25302,0.25302,0.25302,0.25302,0.25302,0.25302,0.25302,0.25302,0.25302,0.25302,0.25302,0.25302,0.25302,0.25302,0.25302,0.25302,0.25302,0.25302,0.25302,0.25302,0.25302,0.25302
0.2,0.31083,0.36243,0.39595,0.39595,0.39595,0.39595,0.39595,0.39595,0.39595,0.39595,0.39595,0.39595,0.39595,0.39595,0.39595,0.39595,0.39595,0.39595,0.39595,0.39595,0.39595,0.39595,0.39595,0.39595,0.39595,0.39595,0.39595,0.39595,0.39595,0.39595,0.39595,0.39595,0.39595,0.39595,0.39595,0.39595,0.39595,0.39595,0.39595,0.39595,0.39595,0.39595,0.39595,0.39595,0.39595,0.39595,0.39595,0.39595,0.39595,0.39595
0.20293,0.20963,0.23925,0.29244,0.29959,0.29959,0.29959,0.29959,0.29959,0.29959,0.29959,0.29959,0.29959,0.29959,0.29959,0.29959,0.29959,0.29959,0.29959,0.29959,0.29959,0.29959,0.29959,0.29959,0.29959,0.29959,0.29959,0.29959,0.29959,0.29959,0.29959,0.29959,0.29959,0.29959,0.29959,0.29959,0.29959,0.29959,0.29959,0.29959,0.29959,0.29959,0.29959,0.29959,0.29959,0.29959,0.29959,0.29959,0.29959,0.29959,0.29959
0.20293,0.30485,0.30715,0.31964,0.31585,0.31585,0.31585,0.31585,0.31585,0.31585,0.31585,0.31585,0.31585,0.31585,0.31585,0.31585,0.31585,0.31585,0.31585,0.31585,0.31585,0.31585,0.31585,0.31585,0.31585,0.31585,0.31585,0.31585,0.31585,0.31585,0.31585,0.31585,0.31585,0.31585,0.31585,0.31585,0.31585,0.31585,0.31585,0.31585,0.31585,0.31585,0.31585,0.31585,0.31585,0.31585,0.31585,0.31585,0.31585,0.31585,0.31585
0.20529,0.24875,0.26029,0.27588,0.30276,0.30276,0.30276,0.30276,0.30276,0.30276,0.30276,0.30276,0.30276,0.30276,0.30276,0.30276,0.30276,0.30276,0.30276,0.30276,0.30276,0.30276,0.30276,0.30276,0.30276,0.30276,0.30276,0.30276,0.30276,0.30276,0.30276,0.30276,0.30276,0.30276,0.30276,0.30276,0.30276,0.30276,0.30276,0.30276,0.30276,0.30276,0.30276,0.30276,0.30276,0.30276,0.30276,0.30276,0.30276,0.30276,0.30276
0.20706,0.28391,0.31021,0.32411,0.32411,0.32411,0.32411,0.32411,0.32411,0.32411,0.32411,0.32411,0.32411,0.32411,0.32411,0.32411,0.32411,0.32411,0.32411,0.32411,0.32411,0.32411,0.32411,0.32411,0.32411,0.32411,0.32411,0.32411,0.32411,0.32411,0.32411,0.32411,0.32411,0.32411,0.32411,0.32411,0.32411,0.32411,0.32411,0.32411,0.32411,0.32411,0.32411,0.32411,0.32411,0.32411,0.32411,0.32411,0.32411,0.32411,0.32411
0.19256,0.22227,0.20398,0.23107,0.25151,0.25785,0.25785,0.25785,0.25785,0.25785,0.25785,0.25785,0.25785,0.25785,0.25785,0.25785,0.25785,0.25785,0.25785,0.25785,0.25785,0.25785,0.25785,0.25785,0.25785,0.25785,0.25785,0.25785,0.25785,0.25785,0.25785,0.25785,0.25785,0.25785,0.25785,0.25785,0.25785,0.25785,0.25785,0.25785,0.25785,0.25785,0.25785,0.25785,0.25785,0.25785,0.25785,0.25785,0.25785,0.25785,0.25785
0.2087,0.25,0.23722,0.21826,0.24804,0.2542,0.2542,0.2542,0.2542,0.2542,0.2542,0.2542,0.2542,0.2542,0.2542,0.2542,0.2542,0.2542,0.2542,0.2542,0.2542,0.2542,0.2542,0.2542,0.2542,0.2542,0.2542,0.2542,0.2542,0.2542,0.2542,0.2542,0.2542,0.2542,0.2542,0.2542,0.2542,0.2542,0.2542,0.2542,0.2542,0.2542,0.2542,0.2542,0.2542,0.2542,0.2542,0.2542,0.2542,0.2542,0.2542
0.17778,0.1693,0.16868,0.18055,0.20409,0.20675,0.20675,0.20675,0.20675,0.20675,0.20675,0.20675,0.20675,0.20675,0.20675,0.20675,0.20675,0.20675,0.20675,0.20675,0.20675,0.20675,0.20675,0.20675,0.20675,0.20675,0.20675,0.20675,0.20675,0.20675,0.20675,0.20675,0.20675,0.20675,0.20675,0.20675,0.20675,0.20675,0.20675,0.20675,0.20675,0.20675,0.20675,0.20675,0.20675,0.20675,0.20675,0.20675,0.20675,0.20675,0.20675
0.20821,0.24093,0.26282,0.28916,0.32441,0.35264,0.35264,0.35264,0.35264,0.35264,0.35264,0.35264,0.35264,0.35264,0.35264,0.35264,0.35264,0.35264,0.35264,0.35264,0.35264,0.35264,0.35264,0.35264,0.35264,0.35264,0.35264,0.35264,0.35264,0.35264,0.35264,0.35264,0.35264,0.35264,0.35264,0.35264,0.35264,0.35264,0.35264,0.35264,0.35264,0.35264,0.35264,0.35264,0.35264,0.35264,0.35264,0.35264,0.35264,0.35264,0.35264
0.2085,0.18707,0.17674,0.19114,0.22437,0.23671,0.23671,0.23671,0.23671,0.23671,0.23671,0.23671,0.23671,0.23671,0.23671,0.23671,0.23671,0.23671,0.23671,0.23671,0.23671,0.23671,0.23671,0.23671,0.23671,0.23671,0.23671,0.23671,0.23671,0.23671,0.23671,0.23671,0.23671,0.23671,0.23671,0.23671,0.23671,0.23671,0.23671,0.23671,0.23671,0.23671,0.23671,0.23671,0.23671,0.23671,0.23671,0.23671,0.23671,0.23671,0.23671
0.20706,0.26156,0.26197,0.27952,0.28727,0.28727,0.28727,0.28727,0.28727,0.28727,0.28727,0.28727,0.28727,0.28727,0.28727,0.28727,0.28727,0.28727,0.28727,0.28727,0.28727,0.28727,0.28727,0.28727,0.28727,0.28727,0.28727,0.28727,0.28727,0.28727,0.28727,0.28727,0.28727,0.28727,0.28727,0.28727,0.28727,0.28727,0.28727,0.28727,0.28727,0.28727,0.28727,0.28727,0.28727,0.28727,0.28727,0.28727,0.28727,0.28727,0.28727
0.14483,0.16494,0.16439,0.1954,0.21555,0.22217,0.22217,0.22217,0.22217,0.22217,0.22217,0.22217,0.22217,0.22217,0.22217,0.22217,0.22217,0.22217,0.22217,0.22217,0.22217,0.22217,0.22217,0.22217,0.22217,0.22217,0.22217,0.22217,0.22217,0.22217,0.22217,0.22217,0.22217,0.22217,0.22217,0.22217,0.22217,0.22217,0.22217,0.22217,0.22217,0.22217,0.22217,0.22217,0.22217,0.22217,0.22217,0.22217,0.22217,0.22217,0.22217
0.18316,0.23255,0.26967,0.29349,0.31661,0.31661,0.31661,0.31661,0.31661,0.31661,0.31661,0.31661,0.31661,0.31661,0.31661,0.31661,0.31661,0.31661,0.31661,0.31661,0.31661,0.31661,0.31661,0.31661,0.31661,0.31661,0.31661,0.31661,0.31661,0.31661,0.31661,0.31661,0.31661,0.31661,0.31661,0.31661,0.31661,0.31661,0.31661,0.31661,0.31661,0.31661,0.31661,0.31661,0.31661,0.31661,0.31661,0.31661,0.31661,0.31661,0.31661
0.2087,0.23721,0.22614,0.22956,0.26883,0.28064,0.28064,0.28064,0.28064,0.28064,0.28064,0.28064,0.28064,0.28064,0.28064,0.28064,0.28064,0.28064,0.28064,0.28064,0.28064,0.28064,0.28064,0.28064,0.28064,0.28064,0.28064,0.28064,0.28064,0.28064,0.28064,0.28064,0.28064,0.28064,0.28064,0.28064,0.28064,0.28064,0.28064,0.28064,0.28064,0.28064,0.28064,0.28064,0.28064,0.28064,0.28064,0.28064,0.28064,0.28064,0.28064
0.20529,0.21783,0.22207,0.25165,0.2906,0.30358,0.30358,0.30358,0.30358,0.30358,0.30358,0.30358,0.30358,0.30358,0.30358,0.30358,0.30358,0.30358,0.30358,0.30358,0.30358,0.30358,0.30358,0.30358,0.30358,0.30358,0.30358,0.30358,0.30358,0.30358,0.30358,0.30358,0.30358,0.30358,0.30358,0.30358,0.30358,0.30358,0.30358,0.30358,0.30358,0.30358,0.30358,0.30358,0.30358,0.30358,0.30358,0.30358,0.30358,0.30358,0.30358
0.20706,0.20197,0.17351,0.16245,0.18253,0.20007,0.20596,0.20596,0.20596,0.20596,0.20596,0.20596,0.20596,0.20596,0.20596,0.20596,0.20596,0.20596,0.20596,0.20596,0.20596,0.20596,0.20596,0.20596,0.20596,0.20596,0.20596,0.20596,0.20596,0.20596,0.20596,0.20596,0.20596,0.20596,0.20596,0.20596,0.20596,0.20596,0.20596,0.20596,0.20596,0.20596,0.20596,0.20596,0.20596,0.20596,0.20596,0.20596,0.20596,0.20596,0.20596
0.20529,0.21316,0.27627,0.30619,0.31501,0.31501,0.31501,0.31501,0.31501,0.31501,0.31501,0.31501,0.31501,0.31501,0.31501,0.31501,0.31501,0.31501,0.31501,0.31501,0.31501,0.31501,0.31501,0.31501,0.31501,0.31501,0.31501,0.31501,0.31501,0.31501,0.31501,0.31501,0.31501,0.31501,0.31501,0.31501,0.31501,0.31501,0.31501,0.31501,0.31501,0.31501,0.31501,0.31501,0.31501,0.31501,0.31501,0.31501,0.31501,0.31501,0.31501
0.19256,0.23665,0.22892,0.25733,0.27243,0.27838,0.27838,0.27838,0.27838,0.27838,0.27838,0.27838,0.27838,0.27838,0.27838,0.27838,0.27838,0.27838,0.27838,0.27838,0.27838,0.27838,0.27838,0.27838,0.27838,0.27838,0.27838,0.27838,0.27838,0.27838,0.27838,0.27838,0.27838,0.27838,0.27838,0.27838,0.27838,0.27838,0.27838,0.27838,0.27838,0.27838,0.27838,0.27838,0.27838,0.27838,0.27838,0.27838,0.27838,0.27838,0.27838
0.19654,0.21676,0.19538,0.19787,0.20837,0.22072,0.22221,0.22221,0.22221,0.22221,0.22221,0.22221,0.22221,0.22221,0.22221,0.22221,0.22221,0.22221,0.22221,0.22221,0.22221,0.22221,0.22221,0.22221,0.22221,0.22221,0.22221,0.22221,0.22221,0.22221,0.22221,0.22221,0.22221,0.22221,0.22221,0.22221,0.22221,0.22221,0.22221,0.22221,0.22221,0.22221,0.22221,0.22221,0.22221,0.22221,0.22221,0.22221,0.22221,0.22221,0.22221
0.2,0.33432,0.38973,0.41399,0.41399,0.41399,0.41399,0.41399,0.41399,0.41399,0.41399,0.41399,0.41399,0.41399,0.41399,0.41399,0.41399,0.41399,0.41399,0.41399,0.41399,0.41399,0.41399,0.41399,0.41399,0.41399,0.41399,0.41399,0.41399,0.41399,0.41399,0.41399,0.41399,0.41399,0.41399,0.41399,0.41399,0.41399,0.41399,0.41399,0.41399,0.41399,0.41399,0.41399,0.41399,0.41399,0.41399,0.41399,0.41399,0.41399,0.41399
0.20293,0.22705,0.22399,0.23722,0.24723,0.25334,0.25334,0.25334,0.25334,0.25334,0.25334,0.25334,0.25334,0.25334,0.25334,0.25334,0.25334,0.25334,0.25334,0.25334,0.25334,0.25334,0.25334,0.25334,0.25334,0.25334,0.25334,0.25334,0.25334,0.25334,0.25334,0.25334,0.25334,0.25334,0.25334,0.25334,0.25334,0.25334,0.25334,0.25334,0.25334,0.25334,0.25334,0.25334,0.25334,0.25334,0.25334,0.25334,0.25334,0.25334,0.25334
0.18316,0.22881,0.21868,0.26511,0.27254,0.27254,0.27254,0.27254,0.27254,0.27254,0.27254,0.27254,0.27254,0.27254,0.27254,0.27254,0.27254,0.27254,0.27254,0.27254,0.27254,0.27254,0.27254,0.27254,0.27254,0.27254,0.27254,0.27254,0.27254,0.27254,0.27254,0.27254,0.27254,0.27254,0.27254,0.27254,0.27254,0.27254,0.27254,0.27254,0.27254,0.27254,0.27254,0.27254,0.27254,0.27254,0.27254,0.27254,0.27254,0.27254,0.27254
0.18809,0.21328,0.20205,0.1912,0.2065,0.22227,0.22227,0.22227,0.22227,0.22227,0.22227,0.22227,0.22227,0.22227,0.22227,0.22227,0.22227,0.22227,0.22227,0.22227,0.22227,0.22227,0.22227,0.22227,0.22227,0.22227,0.22227,0.22227,0.22227,0.22227,0.22227,0.22227,0.22227,0.22227,0.22227,0.22227,0.22227,0.22227,0.22227,0.22227,0.22227,0.22227,0.22227,0.22227,0.22227,0.22227,0.22227,0.22227,0.22227,0.22227,0.22227
0.20293,0.20893,0.21107,0.24061,0.264,0.26571,0.26571,0.26571,0.26571,0.26571,0.26571,0.26571,0.26571,0.26571,0.26571,0.26571,0.26571,0.26571,0.26571,0.26571,0.26571,0.26571,0.26571,0.26571,0.26571,0.26571,0.26571,0.26571,0.26571,0.26571,0.26571,0.26571,0.26571,0.26571,0.26571,0.26571,0.26571,0.26571,0.26571,0.26571,0.26571,0.26571,0.26571,0.26571,0.26571,0.26571,0.26571,0.26571,0.26571,0.26571,0.26571
0.2,0.28644,0.30679,0.32658,0.32658,0.32658,0.32658,0.32658,0.32658,0.32658,0.32658,0.32658,0.32658,0.32658,0.32658,0.32658,0.32658,0.32658,0.32658,0.32658,0.32658,0.32658,0.32658,0.32658,0.32658,0.32658,0.32658,0.32658,0.32658,0.32658,0.32658,0.32658,0.32658,0.32658,0.32658,0.32658,0.32658,0.32658,0.32658,0.32658,0.32658,0.32658,0.32658,0.32658,0.32658,0.32658,0.32658,0.32658,0.32658,0.32658,0.32658
0.20706,0.28935,0.32123,0.34724,0.34724,0.34724,0.34724,0.34724,0.34724,0.34724,0.34724,0.34724,0.34724,0.34724,0.34724,0.34724,0.34724,0.34724,0.34724,0.34724,0.34724,0.34724,0.34724,0.34724,0.34724,0.34724,0.34724,0.34724,0.34724,0.34724,0.34724,0.34724,0.34724,0.34724,0.34724,0.34724,0.34724,0.34724,0.34724,0.34724,0.34724,0.34724,0.34724,0.34724,0.34724,0.34724,0.34724,0.34724,0.34724,0.34724,0.34724
0.18809,0.17911,0.1677,0.19268,0.22402,0.23444,0.23444,0.23444,0.23444,0.23444,0.23444,0.23444,0.23444,0.23444,0.23444,0.23444,0.23444,0.23444,0.23444,0.23444,0.23444,0.23444,0.23444,0.23444,0.23444,0.23444,0.23444,0.23444,0.23444,0.23444,0.23444,0.23444,0.23444,0.23444,0.23444,0.23444,0.23444,0.23444,0.23444,0.23444,0.23444,0.23444,0.23444,0.23444,0.23444,0.23444,0.23444,0.23444,0.23444,0.23444,0.23444
0.18316,0.26328,0.29931,0.32653,0.34805,0.35484,0.35484,0.35484,0.35484,0.35484,0.35484,0.35484,0.35484,0.35484,0.35484,0.35484,0.35484,0.35484,0.35484,0.35484,0.35484,0.35484,0.35484,0.35484,0.35484,0.35484,0.35484,0.35484,0.35484,0.35484,0.35484,0.35484,0.35484,0.35484,0.35484,0.35484,0.35484,0.35484,0.35484,0.35484,0.35484,0.35484,0.35484,0.35484,0.35484,0.35484,0.35484,0.35484,0.35484,0.35484,0.35484
0.18316,0.23697,0.24004,0.27928,0.3156,0.3156,0.3156,0.3156,0.3156,0.3156,0.3156,0.3156,0.3156,0.3156,0.3156,0.3156,0.3156,0.3156,0.3156,0.3156,0.3156,0.3156,0.3156,0.3156,0.3156,0.3156,0.3156,0.3156,0.3156,0.3156,0.3156,0.3156,0.3156,0.3156,0.3156,0.3156,0.3156,0.3156,0.3156,0.3156,0.3156,0.3156,0.3156,0.3156,0.3156,0.3156,0.3156,0.3156,0.3156,0.3156,0.3156
0.20293,0.25622,0.26269,0.291,0.30778,0.30778,0.30778,0.30778,0.30778,0.30778,0.30778,0.30778,0.30778,0.30778,0.30778,0.30778,0.30778,0.30778,0.30778,0.30778,0.30778,0.30778,0.30778,0.30778,0.30778,0.30778,0.30778,0.30778,0.30778,0.30778,0.30778,0.30778,0.30778,0.30778,0.30778,0.30778,0.30778,0.30778,0.30778,0.30778,0.30778,0.30778,0.30778,0.30778,0.30778,0.30778,0.30778,0.30778,0.30778,0.30778,0.30778
0.20821,0.25707,0.27931,0.3177,0.32887,0.32887,0.32887,0.32887,0.32887,0.32887,0.32887,0.32887,0.32887,0.32887,0.32887,0.32887,0.32887,0.32887,0.32887,0.32887,0.32887,0.32887,0.32887,0.32887,0.32887,0.32887,0.32887,0.32887,0.32887,0.32887,0.32887,0.32887,0.32887,0.32887,0.32887,0.32887,0.32887,0.32887,0.32887,0.32887,0.32887,0.32887,0.32887,0.32887,0.32887,0.32887,0.32887,0.32887,0.32887,0.32887,0.32887
0.17778,0.22228,0.2087,0.231,0.25633,0.25633,0.25633,0.25633,0.25633,0.25633,0.25633,0.25633,0.25633,0.25633,0.25633,0.25633,0.25633,0.25633,0.25633,0.25633,0.25633,0.25633,0.25633,0.25633,0.25633,0.25633,0.25633,0.25633,0.25633,0.25633,0.25633,0.25633,0.25633,0.25633,0.25633,0.25633,0.25633,0.25633,0.25633,0.25633,0.25633,0.25633,0.25633,0.25633,0.25633,0.25633,0.25633,0.25633,0.25633,0.25633,0.25633
0.2,0.22956,0.2156,0.20932,0.22299,0.23505,0.23505,0.23505,0.23505,0.23505,0.23505,0.23505,0.23505,0.23505,0.23505,0.23505,0.23505,0.23505,0.23505,0.23505,0.23505,0.23505,0.23505,0.23505,0.23505,0.23505,0.23505,0.23505,0.23505,0.23505,0.23505,0.23505,0.23505,0.23505,0.23505,0.23505,0.23505,0.23505,0.23505,0.23505,0.23505,0.23505,0.23505,0.23505,0.23505,0.23505,0.23505,0.23505,0.23505,0.23505,0.23505
0.20529,0.19117,0.17329,0.19489,0.22084,0.22887,0.22887,0.22887,0.22887,0.22887,0.22887,0.22887,0.22887,0.22887,0.22887,0.22887,0.22887,0.22887,0.22887,0.22887,0.22887,0.22887,0.22887,0.22887,0.22887,0.22887,0.22887,0.22887,0.22887,0.22887,0.22887,0.22887,0.22887,0.22887,0.22887,0.22887,0.22887,0.22887,0.22887,0.22887,0.22887,0.22887,0.22887,0.22887,0.22887,0.22887,0.22887,0.22887,0.22887,0.22887,0.22887
0.18316,0.24039,0.22142,0.2288,0.25038,0.25669,0.25669,0.25669,0.25669,0.25669,0.25669,0.25669,0.25669,0.25669,0.25669,0.25669,0.25669,0.25669,0.25669,0.25669,0.25669,0.25669,0.25669,0.25669,0.25669,0.25669,0.25669,0.25669,0.25669,0.25669,0.25669,0.25669,0.25669,0.25669,0.25669,0.25669,0.25669,0.25669,0.25669,0.25669,0.25669,0.25669,0.25669,0.25669,0.25669,0.25669,0.25669,0.25669,0.25669,0.25669,0.25669
0.15915,0.23781,0.24311,0.27275,0.29305,0.30491,0.30491,0.30491,0.30491,0.30491,0.30491,0.30491,0.30491,0.30491,0.30491,0.30491,0.30491,0.30491,0.30491,0.30491,0.30491,0.30491,0.30491,0.30491,0.30491,0.30491,0.30491,0.30491,0.30491,0.30491,0.30491,0.30491,0.30491,0.30491,0.30491,0.30491,0.30491,0.30491,0.30491,0.30491,0.30491,0.30491,0.30491,0.30491,0.30491,0.30491,0.30491,0.30491,0.30491,0.30491,0.30491
0.18316,0.24098,0.27134,0.31347,0.31956,0.31956,0.31956,0.31956,0.31956,0.31956,0.31956,0.31956,0.31956,0.31956,0.31956,0.31956,0.31956,0.31956,0.31956,0.31956,0.31956,0.31956,0.31956,0.31956,0.31956,0.31956,0.31956,0.31956,0.31956,0.31956,0.31956,0.31956,0.31956,0.31956,0.31956,0.31956,0.31956,0.31956,0.31956,0.31956,0.31956,0.31956,0.31956,0.31956,0.31956,0.31956,0.31956,0.31956,0.31956,0.31956,0.31956
0.15915,0.15693,0.16312,0.18282,0.21573,0.21562,0.21562,0.21562,0.21562,0.21562,0.21562,0.21562,0.21562,0.21562,0.21562,0.21562,0.21562,0.21562,0.21562,0.21562,0.21562,0.21562,0.21562,0.21562,0.21562,0.21562,0.21562,0.21562,0.21562,0.21562,0.21562,0.21562,0.21562,0.21562,0.21562,0.21562,0.21562,0.21562,0.21562,0.21562,0.21562,0.21562,0.21562,0.21562,0.21562,0.21562,0.21562,0.21562,0.21562,0.21562,0.21562
0.17778,0.24096,0.30942,0.32346,0.32346,0.32346,0.32346,0.32346,0.32346,0.32346,0.32346,0.32346,0.32346,0.32346,0.32346,0.32346,0.32346,0.32346,0.32346,0.32346,0.32346,0.32346,0.32346,0.32346,0.32346,0.32346,0.32346,0.32346,0.32346,0.32346,0.32346,0.32346,0.32346,0.32346,0.32346,0.32346,0.32346,0.32346,0.32346,0.32346,0.32346,0.32346,0.32346,0.32346,0.32346,0.32346,0.32346,0.32346,0.32346,0.32346,0.32346
0.20706,0.24466,0.28331,0.32736,0.33092,0.33092,0.33092,0.33092,0.33092,0.33092,0.33092,0.33092,0.33092,0.33092,0.33092,0.33092,0.33092,0.33092,0.33092,0.33092,0.33092,0.33092,0.33092,0.33092,0.33092,0.33092,0.33092,0.33092,0.33092,0.33092,0.33092,0.33092,0.33092,0.33092,0.33092,0.33092,0.33092,0.33092,0.33092,0.33092,0.33092,0.33092,0.33092,0.33092,0.33092,0.33092,0.33092,0.33092,0.33092,0.33092,0.33092
0.16576,0.24479,0.25586,0.28664,0.30309,0.30309,0.30309,0.30309,0.30309,0.30309,0.30309,0.30309,0.30309,0.30309,0.30309,0.30309,0.30309,0.30309,0.30309,0.30309,0.30309,0.30309,0.30309,0.30309,0.30309,0.30309,0.30309,0.30309,0.30309,0.30309,0.30309,0.30309,0.30309,0.30309,0.30309,0.30309,0.30309,0.30309,0.30309,0.30309,0.30309,0.30309,0.30309,0.30309,0.30309,0.30309,0.30309,0.30309,0.30309,0.30309,0.30309
0.19654,0.2708,0.32201,0.33708,0.33708,0.33708,0.33708,0.33708,0.33708,0.33708,0.33708,0.33708,0.33708,0.33708,0.33708,0.33708,0.33708,0.33708,0.33708,0.33708,0.33708,0.33708,0.33708,0.33708,0.33708,0.33708,0.33708,0.33708,0.33708,0.33708,0.33708,0.33708,0.33708,0.33708,0.33708,0.33708,0.33708,0.33708,0.33708,0.33708,0.33708,0.33708,0.33708,0.33708,0.33708,0.33708,0.33708,0.33708,0.33708,0.33708,0.33708
0.20529,0.25643,0.25098,0.26311,0.27668,0.27668,0.27668,0.27668,0.27668,0.27668,0.27668,0.27668,0.27668,0.27668,0.27668,0.27668,0.27668,0.27668,0.27668,0.27668,0.27668,0.27668,0.27668,0.27668,0.27668,0.27668,0.27668,0.27668,0.27668,0.27668,0.27668,0.27668,0.27668,0.27668,0.27668,0.27668,0.27668,0.27668,0.27668,0.27668,0.27668,0.27668,0.27668,0.27668,0.27668,0.27668,0.27668,0.27668,0.27668,0.27668,0.27668
0.20706,0.20477,0.20643,0.26074,0.29229,0.29229,0.29229,0.29229,0.29229,0.29229,0.29229,0.29229,0.29229,0.29229,0.29229,0.29229,0.29229,0.29229,0.29229,0.29229,0.29229,0.29229,0.29229,0.29229,0.29229,0.29229,0.29229,0.29229,0.29229,0.29229,0.29229,0.29229,0.29229,0.29229,0.29229,0.29229,0.29229,0.29229,0.29229,0.29229,0.29229,0.29229,0.29229,0.29229,0.29229,0.29229,0.29229,0.29229,0.29229,0.29229,0.29229
0.20293,0.24086,0.26554,0.31104,0.33293,0.33293,0.33293,0.33293,0.33293,0.33293,0.33293,0.33293,0.33293,0.33293,0.33293,0.33293,0.33293,0.33293,0.33293,0.33293,0.33293,0.33293,0.33293,0.33293,0.33293,0.33293,0.33293,0.33293,0.33293,0.33293,0.33293,0.33293,0.33293,0.33293,0.33293,0.33293,0.33293,0.33293,0.33293,0.33293,0.33293,0.33293,0.33293,0.33293,0.33293,0.33293,0.33293,0.33293,0.33293,0.33293,0.33293
0.19654,0.22012,0.25116,0.2963,0.31269,0.31269,0.31269,0.31269,0.31269,0.31269,0.31269,0.31269,0.31269,0.31269,0.31269,0.31269,0.31269,0.31269,0.31269,0.31269,0.31269,0.31269,0.31269,0.31269,0.31269,0.31269,0.31269,0.31269,0.31269,0.31269,0.31269,0.31269,0.31269,0.31269,0.31269,0.31269,0.31269,0.31269,0.31269,0.31269,0.31269,0.31269,0.31269,0.31269,0.31269,0.31269,0.31269,0.31269,0.31269,0.31269,0.31269
0.17197,0.2819,0.35939,0.37344,0.37344,0.37344,0.37344,0.37344,0.37344,0.37344,0.37344,0.37344,0.37344,0.37344,0.37344,0.37344,0.37344,0.37344,0.37344,0.37344,0.37344,0.37344,0.37344,0.37344,0.37344,0.37344,0.37344,0.37344,0.37344,0.37344,0.37344,0.37344,0.37344,0.37344,0.37344,0.37344,0.37344,0.37344,0.37344,0.37344,0.37344,0.37344,0.37344,0.37344,0.37344,0.37344,0.37344,0.37344,0.37344,0.37344,0.37344
0.17197,0.24094,0.23492,0.25771,0.28242,0.28242,0.28242,0.28242,0.28242,0.28242,0.28242,0.28242,0.28242,0.28242,0.28242,0.28242,0.28242,0.28242,0.28242,0.28242,0.28242,0.28242,0.28242,0.28242,0.28242,0.28242,0.28242,0.28242,0.28242,0.28242,0.28242,0.28242,0.28242,0.28242,0.28242,0.28242,0.28242,0.28242,0.28242,0.28242,0.28242,0.28242,0.28242,0.28242,0.28242,0.28242,0.28242,0.28242,0.28242,0.28242,0.28242
0.20529,0.24847,0.27725,0.32556,0.33162,0.33162,0.33162,0.33162,0.33162,0.33162,0.33162,0.33162,0.33162,0.33162,0.33162,0.33162,0.33162,0.33162,0.33162,0.33162,0.33162,0.33162,0.33162,0.33162,0.33162,0.33162,0.33162,0.33162,0.33162,0.33162,0.33162,0.33162,0.33162,0.33162,0.33162,0.33162,0.33162,0.33162,0.33162,0.33162,0.33162,0.33162,0.33162,0.33162,0.33162,0.33162,0.33162,0.33162,0.33162,0.33162,0.33162
0.19256,0.31521,0.34246,0.36666,0.36666,0.36666,0.36666,0.36666,0.36666,0.36666,0.36666,0.36666,0.36666,0.36666,0.36666,0.36666,0.36666,0.36666,0.36666,0.36666,0.36666,0.36666,0.36666,0.36666,0.36666,0.36666,0.36666,0.36666,0.36666,0.36666,0.36666,0.36666,0.36666,0.36666,0.36666,0.36666,0.36666,0.36666,0.36666,0.36666,0.36666,0.36666,0.36666,0.36666,0.36666,0.36666,0.36666,0.36666,0.36666,0.36666,0.36666
0.18809,0.23058,0.27439,0.28527,0.28527,0.28527,0.28527,0.28527,0.28527,0.28527,0.28527,0.28527,0.28527,0.28527,0.28527,0.28527,0.28527,0.28527,0.28527,0.28527,0.28527,0.28527,0.28527,0.28527,0.28527,0.28527,0.28527,0.28527,0.28527,0.28527,0.28527,0.28527,0.28527,0.28527,0.28527,0.28527,0.28527,0.28527,0.28527,0.28527,0.28527,0.28527,0.28527,0.28527,0.28527,0.28527,0.28527,0.28527,0.28527,0.28527,0.28527
0.20293,0.28965,0.34186,0.35682,0.35682,0.35682,0.35682,0.35682,0.35682,0.35682,0.35682,0.35682,0.35682,0.35682,0.35682,0.35682,0.35682,0.35682,0.35682,0.35682,0.35682,0.35682,0.35682,0.35682,0.35682,0.35682,0.35682,0.35682,0.35682,0.35682,0.35682,0.35682,0.35682,0.35682,0.35682,0.35682,0.35682,0.35682,0.35682,0.35682,0.35682,0.35682,0.35682,0.35682,0.35682,0.35682,0.35682,0.35682,0.35682,0.35682,0.35682
0.2,0.26691,0.29313,0.31515,0.31515,0.31515,0.31515,0.31515,0.31515,0.31515,0.31515,0.31515,0.31515,0.31515,0.31515,0.31515,0.31515,0.31515,0.31515,0.31515,0.31515,0.31515,0.31515,0.31515,0.31515,0.31515,0.31515,0.31515,0.31515,0.31515,0.31515,0.31515,0.31515,0.31515,0.31515,0.31515,0.31515,0.31515,0.31515,0.31515,0.31515,0.31515,0.31515,0.31515,0.31515,0.31515,0.31515,0.31515,0.31515,0.31515,0.31515
0.19256,0.23752,0.26147,0.29529,0.30226,0.30226,0.30226,0.30226,0.30226,0.30226,0.30226,0.30226,0.30226,0.30226,0.30226,0.30226,0.30226,0.30226,0.30226,0.30226,0.30226,0.30226,0.30226,0.30226,0.30226,0.30226,0.30226,0.30226,0.30226,0.30226,0.30226,0.30226,0.30226,0.30226,0.30226,0.30226,0.30226,0.30226,0.30226,0.30226,0.30226,0.30226,0.30226,0.30226,0.30226,0.30226,0.30226,0.30226,0.30226,0.30226,0.30226
0.20529,0.23649,0.2509,0.26863,0.29072,0.29072,0.29072,0.29072,0.29072,0.29072,0.29072,0.29072,0.29072,0.29072,0.29072,0.29072,0.29072,0.29072,0.29072,0.29072,0.29072,0.29072,0.29072,0.29072,0.29072,0.29072,0.29072,0.29072,0.29072,0.29072,0.29072,0.29072,0.29072,0.29072,0.29072,0.29072,0.29072,0.29072,0.29072,0.29072,0.29072,0.29072,0.29072,0.29072,0.29072,0.29072,0.29072,0.29072,0.29072,0.29072,0.29072
0.20293,0.2903,0.28573,0.30337,0.31967,0.31967,0.31967,0.31967,0.31967,0.31967,0.31967,0.31967,0.31967,0.31967,0.31967,0.31967,0.31967,0.31967,0.31967,0.31967,0.31967,0.31967,0.31967,0.31967,0.31967,0.31967,0.31967,0.31967,0.31967,0.31967,0.31967,0.31967,0.31967,0.31967,0.31967,0.31967,0.31967,0.31967,0.31967,0.31967,0.31967,0.31967,0.31967,0.31967,0.31967,0.31967,0.31967,0.31967,0.31967,0.31967,0.31967
0.20757,0.26248,0.27698,0.30972,0.34029,0.34029,0.34029,0.34029,0.34029,0.34029,0.34029,0.34029,0.34029,0.34029,0.34029,0.34029,0.34029,0.34029,0.34029,0.34029,0.34029,0.34029,0.34029,0.34029,0.34029,0.34029,0.34029,0.34029,0.34029,0.34029,0.34029,0.34029,0.34029,0.34029,0.34029,0.34029,0.34029,0.34029,0.34029,0.34029,0.34029,0.34029,0.34029,0.34029,0.34029,0.34029,0.34029,0.34029,0.34029,0.34029,0.34029
0.19654,0.21932,0.21881,0.22647,0.23274,0.23715,0.23715,0.23715,0.23715,0.23715,0.23715,0.23715,0.23715,0.23715,0.23715,0.23715,0.23715,0.23715,0.23715,0.23715,0.23715,0.23715,0.23715,0.23715,0.23715,0.23715,0.23715,0.23715,0.23715,0.23715,0.23715,0.23715,0.23715,0.23715,0.23715,0.23715,0.23715,0.23715,0.23715,0.23715,0.23715,0.23715,0.23715,0.23715,0.23715,0.23715,0.23715,0.23715,0.23715,0.23715,0.23715
0.19256,0.27387,0.25626,0.2699,0.29989,0.29989,0.29989,0.29989,0.29989,0.29989,0.29989,0.29989,0.29989,0.29989,0.29989,0.29989,0.29989,0.29989,0.29989,0.29989,0.29989,0.29989,0.29989,0.29989,0.29989,0.29989,0.29989,0.29989,0.29989,0.29989,0.29989,0.29989,0.29989,0.29989,0.29989,0.29989,0.29989,0.29989,0.29989,0.29989,0.29989,0.29989,0.29989,0.29989,0.29989,0.29989,0.29989,0.29989,0.29989,0.29989,0.29989
0.19654,0.22358,0.23025,0.26392,0.28014,0.28413,0.28413,0.28413,0.28413,0.28413,0.28413,0.28413,0.28413,0.28413,0.28413,0.28413,0.28413,0.28413,0.28413,0.28413,0.28413,0.28413,0.28413,0.28413,0.28413,0.28413,0.28413,0.28413,0.28413,0.28413,0.28413,0.28413,0.28413,0.28413,0.28413,0.28413,0.28413,0.28413,0.28413,0.28413,0.28413,0.28413,0.28413,0.28413,0.28413,0.28413,0.28413,0.28413,0.28413,0.28413,0.28413
0.18809,0.28297,0.32088,0.35265,0.36549,0.36549,0.36549,0.36549,0.36549,0.36549,0.36549,0.36549,0.36549,0.36549,0.36549,0.36549,0.36549,0.36549,0.36549,0.36549,0.36549,0.36549,0.36549,0.36549,0.36549,0.36549,0.36549,0.36549,0.36549,0.36549,0.36549,0.36549,0.36549,0.36549,0.36549,0.36549,0.36549,0.36549,0.36549,0.36549,0.36549,0.36549,0.36549,0.36549,0.36549,0.36549,0.36549,0.36549,0.36549,0.36549,0.36549
0.18316,0.21828,0.2274,0.26127,0.26398,0.26398,0.26398,0.26398,0.26398,0.26398,0.26398,0.26398,0.26398,0.26398,0.26398,0.26398,0.26398,0.26398,0.26398,0.26398,0.26398,0.26398,0.26398,0.26398,0.26398,0.26398,0.26398,0.26398,0.26398,0.26398,0.26398,0.26398,0.26398,0.26398,0.26398,0.26398,0.26398,0.26398,0.26398,0.26398,0.26398,0.26398,0.26398,0.26398,0.26398,0.26398,0.26398,0.26398,0.26398,0.26398,0.26398
0.19256,0.23388,0.28082,0.31461,0.328,0.328,0.328,0.328,0.328,0.328,0.328,0.328,0.328,0.328,0.328,0.328,0.328,0.328,0.328,0.328,0.328,0.328,0.328,0.328,0.328,0.328,0.328,0.328,0.328,0.328,0.328,0.328,0.328,0.328,0.328,0.328,0.328,0.328,0.328,0.328,0.328,0.328,0.328,0.328,0.328,0.328,0.328,0.328,0.328,0.328,0.328
0.19256,0.22481,0.22988,0.23608,0.25365,0.25613,0.25613,0.25613,0.25613,0.25613,0.25613,0.25613,0.25613,0.25613,0.25613,0.25613,0.25613,0.25613,0.25613,0.25613,0.25613,0.25613,0.25613,0.25613,0.25613,0.25613,0.25613,0.25613,0.25613,0.25613,0.25613,0.25613,0.25613,0.25613,0.25613,0.25613,0.25613,0.25613,0.25613,0.25613,0.25613,0.25613,0.25613,0.25613,0.25613,0.25613,0.25613,0.25613,0.25613,0.25613,0.25613
0.20293,0.27793,0.29159,0.32279,0.34852,0.34852,0.34852,0.34852,0.34852,0.34852,0.34852,0.34852,0.34852,0.34852,0.34852,0.34852,0.34852,0.34852,0.34852,0.34852,0.34852,0.34852,0.34852,0.34852,0.34852,0.34852,0.34852,0.34852,0.34852,0.34852,0.34852,0.34852,0.34852,0.34852,0.34852,0.34852,0.34852,0.34852,0.34852,0.34852,0.34852,0.34852,0.34852,0.34852,0.34852,0.34852,0.34852,0.34852,0.34852,0.34852,0.34852
0.18809,0.22538,0.23187,0.24599,0.26034,0.27338,0.27338,0.27338,0.27338,0.27338,0.27338,0.27338,0.27338,0.27338,0.27338,0.27338,0.27338,0.27338,0.27338,0.27338,0.27338,0.27338,0.27338,0.27338,0.27338,0.27338,0.27338,0.27338,0.27338,0.27338,0.27338,0.27338,0.27338,0.27338,0.27338,0.27338,0.27338,0.27338,0.27338,0.27338,0.27338,0.27338,0.27338,0.27338,0.27338,0.27338,0.27338,0.27338,0.27338,0.27338,0.27338
0.20587,0.31421,0.36246,0.40477,0.40477,0.40477,0.40477,0.40477,0.40477,0.40477,0.40477,0.40477,0.40477,0.40477,0.40477,0.40477,0.40477,0.40477,0.40477,0.40477,0.40477,0.40477,0.40477,0.40477,0.40477,0.40477,0.40477,0.40477,0.40477,0.40477,0.40477,0.40477,0.40477,0.40477,0.40477,0.40477,0.40477,0.40477,0.40477,0.40477,0.40477,0.40477,0.40477,0.40477,0.40477,0.40477,0.40477,0.40477,0.40477,0.40477,0.40477
0.18316,0.18487,0.18435,0.18211,0.2201,0.23283,0.23283,0.23283,0.23283,0.23283,0.23283,0.23283,0.23283,0.23283,0.23283,0.23283,0.23283,0.23283,0.23283,0.23283,0.23283,0.23283,0.23283,0.23283,0.23283,0.23283,0.23283,0.23283,0.23283,0.23283,0.23283,0.23283,0.23283,0.23283,0.23283,0.23283,0.23283,0.23283,0.23283,0.23283,0.23283,0.23283,0.23283,0.23283,0.23283,0.23283,0.23283,0.23283,0.23283,0.23283,0.23283
0.20293,0.29413,0.31377,0.33519,0.34208,0.3414,0.3414,0.3414,0.3414,0.3414,0.3414,0.3414,0.3414,0.3414,0.3414,0.3414,0.3414,0.3414,0.3414,0.3414,0.3414,0.3414,0.3414,0.3414,0.3414,0.3414,0.3414,0.3414,0.3414,0.3414,0.3414,0.3414,0.3414,0.3414,0.3414,0.3414,0.3414,0.3414,0.3414,0.3414,0.3414,0.3414,0.3414,0.3414,0.3414,0.3414,0.3414,0.3414,0.3414,0.3414,0.3414
0.19654,0.20297,0.19279,0.21303,0.2407,0.25836,0.25836,0.25836,0.25836,0.25836,0.25836,0.25836,0.25836,0.25836,0.25836,0.25836,0.25836,0.25836,0.25836,0.25836,0.25836,0.25836,0.25836,0.25836,0.25836,0.25836,0.25836,0.25836,0.25836,0.25836,0.25836,0.25836,0.25836,0.25836,0.25836,0.25836,0.25836,0.25836,0.25836,0.25836,0.25836,0.25836,0.25836,0.25836,0.25836,0.25836,0.25836,0.25836,0.25836,0.25836,0.25836
0.18316,0.22056,0.20364,0.20199,0.22089,0.22089,0.22089,0.22089,0.22089,0.22089,0.22089,0.22089,0.22089,0.22089,0.22089,0.22089,0.22089,0.22089,0.22089,0.22089,0.22089,0.22089,0.22089,0.22089,0.22089,0.22089,0.22089,0.22089,0.22089,0.22089,0.22089,0.22089,0.22089,0.22089,0.22089,0.22089,0.22089,0.22089,0.22089,0.22089,0.22089,0.22089,0.22089,0.22089,0.22089,0.22089,0.22089,0.22089,0.22089,0.22089,0.22089
0.19256,0.30162,0.35318,0.37949,0.3873,0.3873,0.3873,0.3873,0.3873,0.3873,0.3873,0.3873,0.3873,0.3873,0.3873,0.3873,0.3873,0.3873,0.3873,0.3873,0.3873,0.3873,0.3873,0.3873,0.3873,0.3873,0.3873,0.3873,0.3873,0.3873,0.3873,0.3873,0.3873,0.3873,0.3873,0.3873,0.3873,0.3873,0.3873,0.3873,0.3873,0.3873,0.3873,0.3873,0.3873,0.3873,0.3873,0.3873,0.3873,0.3873,0.3873
0.18809,0.22113,0.23369,0.2637,0.28509,0.28509,0.28509,0.28509,0.28509,0.28509,0.28509,0.28509,0.28509,0.28509,0.28509,0.28509,0.28509,0.28509,0.28509,0.28509,0.28509,0.28509,0.28509,0.28509,0.28509,0.28509,0.28509,0.28509,0.28509,0.28509,0.28509,0.28509,0.28509,0.28509,0.28509,0.28509,0.28509,0.28509,0.28509,0.28509,0.28509,0.28509,0.28509,0.28509,0.28509,0.28509,0.28509,0.28509,0.28509,0.28509,0.28509
0.19654,0.21853,0.23102,0.26981,0.2915,0.29804,0.29804,0.29804,0.29804,0.29804,0.29804,0.29804,0.29804,0.29804,0.29804,0.29804,0.29804,0.29804,0.29804,0.29804,0.29804,0.29804,0.29804,0.29804,0.29804,0.29804,0.29804,0.29804,0.29804,0.29804,0.29804,0.29804,0.29804,0.29804,0.29804,0.29804,0.29804,0.29804,0.29804,0.29804,0.29804,0.29804,0.29804,0.29804,0.29804,0.29804,0.29804,0.29804,0.29804,0.29804,0.29804
0.2,0.25518,0.31447,0.33848,0.34947,0.34947,0.34947,0.34947,0.34947,0.34947,0.34947,0.34947,0.34947,0.34947,0.34947,0.34947,0.34947,0.34947,0.34947,0.34947,0.34947,0.34947,0.34947,0.34947,0.34947,0.34947,0.34947,0.34947,0.34947,0.34947,0.34947,0.34947,0.34947,0.34947,0.34947,0.34947,0.34947,0.34947,0.34947,0.34947,0.34947,0.34947,0.34947,0.34947,0.34947,0.34947,0.34947,0.34947,0.34947,0.34947,0.34947
0.20529,0.23323,0.26584,0.29197,0.30745,0.31672,0.31672,0.31672,0.31672,0.31672,0.31672,0.31672,0.31672,0.31672,0.31672,0.31672,0.31672,0.31672,0.31672,0.31672,0.31672,0.31672,0.31672,0.31672,0.31672,0.31672,0.31672,0.31672,0.31672,0.31672,0.31672,0.31672,0.31672,0.31672,0.31672,0.31672,0.31672,0.31672,0.31672,0.31672,0.31672,0.31672,0.31672,0.31672,0.31672,0.31672,0.31672,0.31672,0.31672,0.31672,0.31672
0.19256,0.21567,0.20083,0.19757,0.21748,0.22149,0.22149,0.22149,0.22149,0.22149,0.22149,0.22149,0.22149,0.22149,0.22149,0.22149,0.22149,0.22149,0.22149,0.22149,0.22149,0.22149,0.22149,0.22149,0.22149,0.22149,0.22149,0.22149,0.22149,0.22149,0.22149,0.22149,0.22149,0.22149,0.22149,0.22149,0.22149,0.22149,0.22149,0.22149,0.22149,0.22149,0.22149,0.22149,0.22149,0.22149,0.22149,0.22149,0.22149,0.22149,0.22149
0.19654,0.26256,0.29445,0.32989,0.32989,0.32989,0.32989,0.32989,0.32989,0.32989,0.32989,0.32989,0.32989,0.32989,0.32989,0.32989,0.32989,0.32989,0.32989,0.32989,0.32989,0.32989,0.32989,0.32989,0.32989,0.32989,0.32989,0.32989,0.32989,0.32989,0.32989,0.32989,0.32989,0.32989,0.32989,0.32989,0.32989,0.32989,0.32989,0.32989,0.32989,0.32989,0.32989,0.32989,0.32989,0.32989,0.32989,0.32989,0.32989,0.32989,0.32989
0.20529,0.21635,0.21825,0.22944,0.24292,0.24292,0.24292,0.24292,0.24292,0.24292,0.24292,0.24292,0.24292,0.24292,0.24292,0.24292,0.24292,0.24292,0.24292,0.24292,0.24292,0.24292,0.24292,0.24292,0.24292,0.24292,0.24292,0.24292,0.24292,0.24292,0.24292,0.24292,0.24292,0.24292,0.24292,0.24292,0.24292,0.24292,0.24292,0.24292,0.24292,0.24292,0.24292,0.24292,0.24292,0.24292,0.24292,0.24292,0.24292,0.24292,0.24292
0.19256,0.25464,0.29941,0.3171,0.3171,0.3171,0.3171,0.3171,0.3171,0.3171,0.3171,0.3171,0.3171,0.3171,0.3171,0.3171,0.3171,0.3171,0.3171,0.3171,0.3171,0.3171,0.3171,0.3171,0.3171,0.3171,0.3171,0.3171,0.3171,0.3171,0.3171,0.3171,0.3171,0.3171,0.3171,0.3171,0.3171,0.3171,0.3171,0.3171,0.3171,0.3171,0.3171,0.3171,0.3171,0.3171,0.3171,0.3171,0.3171,0.3171,0.3171
0.17778,0.20699,0.22303,0.23761,0.23761,0.23761,0.23761,0.23761,0.23761,0.23761,0.23761,0.23761,0.23761,0.23761,0.23761,0.23761,0.23761,0.23761,0.23761,0.23761,0.23761,0.23761,0.23761,0.23761,0.23761,0.23761,0.23761,0.23761,0.23761,0.23761,0.23761,0.23761,0.23761,0.23761,0.23761,0.23761,0.23761,0.23761,0.23761,0.23761,0.23761,0.23761,0.23761,0.23761,0.23761,0.23761,0.23761,0.23761,0.23761,0.23761,0.23761
0.20293,0.27333,0.32627,0.37522,0.39264,0.39264,0.39264,0.39264,0.39264,0.39264,0.39264,0.39264,0.39264,0.39264,0.39264,0.39264,0.39264,0.39264,0.39264,0.39264,0.39264,0.39264,0.39264,0.39264,0.39264,0.39264,0.39264,0.39264,0.39264,0.39264,0.39264,0.39264,0.39264,0.39264,0.39264,0.39264,0.39264,0.39264,0.39264,0.39264,0.39264,0.39264,0.39264,0.39264,0.39264,0.39264,0.39264,0.39264,0.39264,0.39264,0.39264
0.18809,0.21414,0.19725,0.19181,0.20289,0.22511,0.22511,0.22511,0.22511,0.22511,0.22511,0.22511,0.22511,0.22511,0.22511,0.22511,0.22511,0.22511,0.22511,0.22511,0.22511,0.22511,0.22511,0.22511,0.22511,0.22511,0.22511,0.22511,0.22511,0.22511,0.22511,0.22511,0.22511,0.22511,0.22511,0.22511,0.22511,0.22511,0.22511,0.22511,0.22511,0.22511,0.22511,0.22511,0.22511,0.22511,0.22511,0.22511,0.22511,0.22511,0.22511
0.20821,0.22317,0.24294,0.26957,0.26957,0.26957,0.26957,0.26957,0.26957,0.26957,0.26957,0.26957,0.26957,0.26957,0.26957,0.26957,0.26957,0.26957,0.26957,0.26957,0.26957,0.26957,0.26957,0.26957,0.26957,0.26957,0.26957,0.26957,0.26957,0.26957,0.26957,0.26957,0.26957,0.26957,0.26957,0.26957,0.26957,0.26957,0.26957,0.26957,0.26957,0.26957,0.26957,0.26957,0.26957,0.26957,0.26957,0.26957,0.26957,0.26957,0.26957
0.20529,0.26678,0.25684,0.28111,0.28111,0.28111,0.28111,0.28111,0.28111,0.28111,0.28111,0.28111,0.28111,0.28111,0.28111,0.28111,0.28111,0.28111,0.28111,0.28111,0.28111,0.28111,0.28111,0.28111,0.28111,0.28111,0.28111,0.28111,0.28111,0.28111,0.28111,0.28111,0.28111,0.28111,0.28111,0.28111,0.28111,0.28111,0.28111,0.28111,0.28111,0.28111,0.28111,0.28111,0.28111,0.28111,0.28111,0.28111,0.28111,0.28111,0.28111
0.20706,0.257,0.2562,0.28131,0.30691,0.30691,0.30691,0.30691,0.30691,0.30691,0.30691,0.30691,0.30691,0.30691,0.30691,0.30691,0.30691,0.30691,0.30691,0.30691,0.30691,0.30691,0.30691,0.30691,0.30691,0.30691,0.30691,0.30691,0.30691,0.30691,0.30691,0.30691,0.30691,0.30691,0.30691,0.30691,0.30691,0.30691,0.30691,0.30691,0.30691,0.30691,0.30691,0.30691,0.30691,0.30691,0.30691,0.30691,0.30691,0.30691,0.30691
0.20293,0.27986,0.30269,0.3284,0.33166,0.33166,0.33166,0.33166,0.33166,0.33166,0.33166,0.33166,0.33166,0.33166,0.33166,0.33166,0.33166,0.33166,0.33166,0.33166,0.33166,0.33166,0.33166,0.33166,0.33166,0.33166,0.33166,0.33166,0.33166,0.33166,0.33166,0.33166,0.33166,0.33166,0.33166,0.33166,0.33166,0.33166,0.33166,0.33166,0.33166,0.33166,0.33166,0.33166,0.33166,0.33166,0.33166,0.33166,0.33166,0.33166,0.33166
0.16576,0.25253,0.26336,0.29976,0.31572,0.3181,0.3181,0.3181,0.3181,0.3181,0.3181,0.3181,0.3181,0.3181,0.3181,0.3181,0.3181,0.3181,0.3181,0.3181,0.3181,0.3181,0.3181,0.3181,0.3181,0.3181,0.3181,0.3181,0.3181,0.3181,0.3181,0.3181,0.3181,0.3181,0.3181,0.3181,0.3181,0.3181,0.3181,0.3181,0.3181,0.3181,0.3181,0.3181,0.3181,0.3181,0.3181,0.3181,0.3181,0.3181,0.3181
0.20821,0.29054,0.3308,0.36852,0.36852,0.36852,0.36852,0.36852,0.36852,0.36852,0.36852,0.36852,0.36852,0.36852,0.36852,0.36852,0.36852,0.36852,0.36852,0.36852,0.36852,0.36852,0.36852,0.36852,0.36852,0.36852,0.36852,0.36852,0.36852,0.36852,0.36852,0.36852,0.36852,0.36852,0.36852,0.36852,0.36852,0.36852,0.36852,0.36852,0.36852,0.36852,0.36852,0.36852,0.36852,0.36852,0.36852,0.36852,0.36852,0.36852,0.36852
0.20529,0.22629,0.2229,0.22018,0.22973,0.25237,0.2664,0.2697,0.2697,0.2697,0.2697,0.2697,0.2697,0.2697,0.2697,0.2697,0.2697,0.2697,0.2697,0.2697,0.2697,0.2697,0.2697,0.2697,0.2697,0.2697,0.2697,0.2697,0.2697,0.2697,0.2697,0.2697,0.2697,0.2697,0.2697,0.2697,0.2697,0.2697,0.2697,0.2697,0.2697,0.2697,0.2697,0.2697,0.2697,0.2697,0.2697,0.2697,0.2697,0.2697,0.2697
0.20706,0.26223,0.30066,0.31924,0.3278,0.3407,0.3407,0.3407,0.3407,0.3407,0.3407,0.3407,0.3407,0.3407,0.3407,0.3407,0.3407,0.3407,0.3407,0.3407,0.3407,0.3407,0.3407,0.3407,0.3407,0.3407,0.3407,0.3407,0.3407,0.3407,0.3407,0.3407,0.3407,0.3407,0.3407,0.3407,0.3407,0.3407,0.3407,0.3407,0.3407,0.3407,0.3407,0.3407,0.3407,0.3407,0.3407,0.3407,0.3407,0.3407,0.3407
0.18316,0.25517,0.28147,0.3128,0.3128,0.3128,0.3128,0.3128,0.3128,0.3128,0.3128,0.3128,0.3128,0.3128,0.3128,0.3128,0.3128,0.3128,0.3128,0.3128,0.3128,0.3128,0.3128,0.3128,0.3128,0.3128,0.3128,0.3128,0.3128,0.3128,0.3128,0.3128,0.3128,0.3128,0.3128,0.3128,0.3128,0.3128,0.3128,0.3128,0.3128,0.3128,0.3128,0.3128,0.3128,0.3128,0.3128,0.3128,0.3128,0.3128,0.3128
0.16576,0.27755,0.29794,0.32039,0.32039,0.32039,0.32039,0.32039,0.32039,0.32039,0.32039,0.32039,0.32039,0.32039,0.32039,0.32039,0.32039,0.32039,0.32039,0.32039,0.32039,0.32039,0.32039,0.32039,0.32039,0.32039,0.32039,0.32039,0.32039,0.32039,0.32039,0.32039,0.32039,0.32039,0.32039,0.32039,0.32039,0.32039,0.32039,0.32039,0.32039,0.32039,0.32039,0.32039,0.32039,0.32039,0.32039,0.32039,0.32039,0.32039,0.32039
0.20821,0.24204,0.22889,0.26,0.28768,0.29701,0.29701,0.29701,0.29701,0.29701,0.29701,0.29701,0.29701,0.29701,0.29701,0.29701,0.29701,0.29701,0.29701,0.29701,0.29701,0.29701,0.29701,0.29701,0.29701,0.29701,0.29701,0.29701,0.29701,0.29701,0.29701,0.29701,0.29701,0.29701,0.29701,0.29701,0.29701,0.29701,0.29701,0.29701,0.29701,0.29701,0.29701,0.29701,0.29701,0.29701,0.29701,0.29701,0.29701,0.29701,0.29701
0.19654,0.24595,0.25621,0.28044,0.30051,0.30051,0.30051,0.30051,0.30051,0.30051,0.30051,0.30051,0.30051,0.30051,0.30051,0.30051,0.30051,0.30051,0.30051,0.30051,0.30051,0.30051,0.30051,0.30051,0.30051,0.30051,0.30051,0.30051,0.30051,0.30051,0.30051,0.30051,0.30051,0.30051,0.30051,0.30051,0.30051,0.30051,0.30051,0.30051,0.30051,0.30051,0.30051,0.30051,0.30051,0.30051,0.30051,0.30051,0.30051,0.30051,0.30051
0.20706,0.35558,0.37841,0.39254,0.39254,0.39254,0.39254,0.39254,0.39254,0.39254,0.39254,0.39254,0.39254,0.39254,0.39254,0.39254,0.39254,0.39254,0.39254,0.39254,0.39254,0.39254,0.39254,0.39254,0.39254,0.39254,0.39254,0.39254,0.39254,0.39254,0.39254,0.39254,0.39254,0.39254,0.39254,0.39254,0.39254,0.39254,0.39254,0.39254,0.39254,0.39254,0.39254,0.39254,0.39254,0.39254,0.39254,0.39254,0.39254,0.39254,0.39254
0.19654,0.22928,0.22933,0.2432,0.27273,0.28066,0.28066,0.28066,0.28066,0.28066,0.28066,0.28066,0.28066,0.28066,0.28066,0.28066,0.28066,0.28066,0.28066,0.28066,0.28066,0.28066,0.28066,0.28066,0.28066,0.28066,0.28066,0.28066,0.28066,0.28066,0.28066,0.28066,0.28066,0.28066,0.28066,0.28066,0.28066,0.28066,0.28066,0.28066,0.28066,0.28066,0.28066,0.28066,0.28066,0.28066,0.28066,0.28066,0.28066,0.28066,0.28066
